1 58.905333 77.634667
1 80.801333 85.954667
1 86.449333 93.762667
1 95.409333 99.970667
1 103.041333 106.674667
2 110.577333 121.426667
2 127.785333 148.090667
2 151.313333 157.090667
2 158.777333 166.250667
2 168.537333 178.850667
2 181.553333 197.706667
2 201.241333 204.386667
2 208.001333 213.378667
2 217.817333 225.042667
2 228.353333 231.474667
2 243.513333 252.218667
2 255.753333 265.746667
2 270.865333 275.170667
2 282.497333 287.618667
2 291.809333 296.290667
2 300.033333 306.178667
2 308.745333 314.186667
2 318.177333 324.026667
2 326.641333 332.538667
2 337.257333 342.242667
2 349.489333 356.370667



