1 879 931
1 942 967
1 992 996
1 1005 1043
1 1045 1056
1 1093 1107
1 1117 1122
1 1126 1129
1 1133 1153
1 1205 1247
1 1266 1278
1 1290 1343
1 1354 1360
1 1379 1394
1 1424 1474
1 1477 1486
1 1537 1587
2 1650 1713
2 1728 1732
2 1740 1753
2 1796 1800
2 1907 1952
2 1962 1991
2 2001 2005
2 2040 2052
2 2063 2086
2 2090 2094
2 2124 2136
2 2152 2165
2 2174 2195
2 2258 2267
2 2268 2308
2 2369 2411
2 2413 2434
2 2445 2448
2 2471 2476
2 2515 2574
2 2591 2597
2 2603 2608
2 2612 2620
2 2629 2639
2 2709 2764
2 2778 2801
2 2821 2834
2 2846 2861
2 2880 2884
2 2894 2910
2 2927 2942
2 3003 3045
2 3104 3150
2 3251 3318
2 3333 3344
2 3408 3452
2 3634 3676
2 3704 3718
2 3728 3740
2 3754 3759
2 3817 3837
2 3844 3854
2 3856 3872
2 3883 3901
2 3941 3963
2 4042 4091
2 4216 4263
2 4280 4283
2 4355 4398
2 4478 4534
2 4543 4558
2 4608 4667
2 4672 4680
2 4748 4806
2 4818 4827
2 4875 4932
2 5033 5093
2 5216 5275
2 5285 5288
2 5310 5316
