1 602 614
1 620 632
1 749 759
1 1181 1190
1 1196 1208
1 1215 1219
1 1232 1238
1 1328 1335
1 1371 1378
1 1389 1409
1 1442 1454
1 1456 1466
1 1528 1546
1 1562 1566
2 1686 1701
2 1730 1736
2 1758 1766
2 1769 1773
2 1790 1803
2 1809 1818
2 1835 1839
2 1848 1855
2 1858 1862
2 1905 1915
2 1923 1930
2 1943 1947
2 2042 2049
2 2060 2071
2 2079 2083
2 2108 2111
2 2115 2118
2 2125 2142
2 2184 2201
2 2212 2225
2 2256 2261
2 2279 2286
2 2306 2313
2 2347 2351
2 2375 2379
2 2383 2400
2 2502 2516
2 2530 2545
2 2554 2582
2 2596 2610
2 2623 2635
2 2654 2672
2 2688 2700
2 2709 2714
2 2805 2822
2 2852 2855
2 2955 2968
2 2972 2976
2 2993 2998
2 3023 3029
2 3056 3063
2 3143 3152
2 3273 3286
2 3288 3308
2 3314 3318
2 3342 3351
2 3374 3384
2 3395 3403
2 3414 3512
2 3680 3688
2 3702 3706
2 3738 3768
2 3839 3843
2 3858 3878
2 3921 3925
2 4256 4262
2 4280 4299
2 4323 4329
2 4337 4366
2 4429 4440
2 4472 4503
2 4573 4574
2 4592 4596
2 4619 4628
2 4633 4680
2 4692 4697
2 4707 4710
2 4732 4755
2 4759 4763
2 4795 4832
2 4912 4922
2 4925 4930
