1 2046 2082
1 2088 2092
1 2094 2098
1 2102 2119
1 2134 2172
1 2181 2187
1 2199 2203
1 2227 2232
1 2417 2452
1 2457 2461
1 2464 2470
1 2473 2525
1 2668 2694
1 2697 2702
1 2738 2763
1 2768 2772
1 2887 2927
2 3046 3188
2 3230 3237
2 3241 3244
2 3247 3256
2 3267 3271
2 3283 3289
2 3292 3302
2 3305 3308
2 3326 3330
2 3465 3489
2 3791 3796
2 3800 3897
2 3902 3906
2 3910 3913
2 4067 4080
2 4090 4163
2 4170 4174
2 4195 4231
2 4259 4266
2 4269 4316
2 4502 4559
2 4564 4574
2 4579 4582
2 4585 4678
2 4688 4695
2 4702 4708
2 4713 4727
2 4749 4783
2 4799 4803
2 4807 4822
2 4919 4951
2 4968 5036
2 5048 5051
2 5066 5069
