1 959 1005
1 1009 1054
1 1060 1065
1 1067 1109
1 1118 1122
1 1178 1220
1 1265 1315
1 1323 1345
1 1356 1367
1 1394 1450
1 1459 1494
1 1500 1522
1 1588 1632
1 1650 1653
1 1688 1695
1 1707 1718
2 1782 1827
2 1852 1857
2 1870 1875
2 1915 1955
2 1968 1971
2 1991 2006
2 2023 2029
2 2036 2053
2 2080 2090
2 2102 2111
2 2124 2129
2 2183 2237
2 2249 2275
2 2281 2300
2 2317 2325
2 2341 2346
2 2383 2400
2 2406 2413
2 2426 2446
2 2448 2453
2 2455 2475
2 2527 2563
2 2588 2592
2 2652 2693
2 2767 2807
2 2823 2827
2 2835 2866
2 2899 2939
2 2972 2977
2 3160 3181
2 3187 3207
2 3220 3246
2 3262 3273
2 3288 3307
2 3351 3373
2 3380 3388
2 3412 3420
2 3431 3439
2 3446 3453
2 3464 3474
2 3567 3607
2 3610 3640
2 3659 3676
2 3679 3698
2 3727 3771
2 3774 3782
2 3794 3803
2 3848 3859
2 3920 3962
2 3972 3988
2 4065 4096
2 4106 4116
2 4161 4166
2 4214 4239
2 4333 4389
2 4446 4490
2 4566 4612
2 4622 4625
2 4647 4654
2 4660 4670
2 4709 4719
2 4724 4727
2 4763 4775
2 4787 4793
2 4795 4809
2 4819 4835
2 4845 4864
2 4875 4919
2 4939 4947
2 4976 4986
2 5008 5050
2 5057 5061
2 5067 5071
2 5077 5083
2 5092 5096
2 5102 5107
2 5174 5229
2 5239 5244
2 5291 5303
2 5306 5313
2 5333 5337
2 5340 5364
