1 64.300000 76.689333
1 78.956000 81.993333
1 84.820000 91.953333
1 93.412000 103.305333
1 106.412000 115.993333
2 119.452000 126.409333
2 128.372000 143.193333
2 146.300000 164.049333
2 163.540000 166.625333
2 169.364000 174.945333
2 177.692000 181.737333
2 185.452000 192.753333
2 194.252000 201.129333
2 211.740000 221.705333
2 224.580000 232.905333
2 239.028000 244.001333
2 245.156000 248.649333
2 249.732000 255.537333
2 257.372000 260.113333
2 262.612000 267.929333
2 272.356000 285.833333
2 290.340000 295.441333
2 297.940000 301.353333
2 305.988000 326.673333
2 326.532000 334.817333
2 335.540000 342.529333
2 346.668000 361.025333