1 52.420000 54.628000
1 59.580000 61.188000
1 65.372000 69.332000
1 72.852000 76.532000
1 81.844000 83.788000
2 88.980000 92.668000
2 95.412000 102.676000
2 108.620000 114.980000
2 118.092000 121.020000
2 129.036000 132.892000
2 137.388000 142.852000
2 146.556000 156.180000
2 158.740000 165.900000
2 172.452000 173.084000
2 178.188000 181.884000
2 191.548000 195.748000
2 200.948000 204.676000
2 205.484000 211.788000
2 212.652000 220.764000
2 231.268000 237.388000
2 237.500000 242.284000
2 243.644000 249.188000
2 252.340000 260.940000
2 264.500000 274.764000
2 275.000000 284.300000
2 287.140000 294.076000
2 298.324000 305.620000
2 316.604000 318.292000
2 325.572000 328.356000
2 331.772000 333.772000
2 337.036000 338.644000


