1 782 804
1 889 904
1 975 1002
1 1019 1030
1 1087 1133
1 1221 1243
2 1328 1364
2 1424 1453
2 1470 1478
2 1489 1493
2 1501 1516
2 1621 1661
2 1680 1692
2 1699 1710
2 1762 1790
2 1925 1952
2 1966 1970
2 1973 1976
2 2050 2089
2 2115 2119
2 2187 2245
2 2267 2289
2 2297 2315
2 2369 2419
2 2429 2434
2 2453 2463
2 2573 2580
2 2659 2702
2 2858 2903
2 2908 2914
2 2999 3043
2 3066 3134
2 3173 3247
2 3286 3292
2 3451 3530
2 3544 3611
2 3636 3701
2 3766 3849
2 3871 3875
2 3947 4033
2 4042 4046
2 4071 4075
2 4104 4198
2 4213 4217
2 4219 4222
2 4285 4360
2 4452 4546
2 4725 4732
2 4861 4865
2 4870 4876
2 4951 4973
2 5030 5049
