1,879,69,145,96,135,126,138,99,153,98,142,98,142
1,880,69,146,98,134,126,140,99,154,98,141,98,143
1,881,67,145,97,134,125,140,99,153,97,141,99,141
1,882,69,145,97,135,126,139,99,153,98,142,98,143
1,883,67,143,97,136,126,138,99,152,98,142,99,142
1,884,69,144,97,136,126,139,100,153,98,142,99,143
1,885,67,145,97,135,127,139,100,153,98,141,99,142
1,886,68,144,97,135,127,138,100,153,97,141,99,143
1,887,69,145,97,135,126,138,99,151,98,141,99,140
1,888,68,145,97,135,127,139,99,151,97,141,99,141
1,889,63,144,98,135,124,138,99,152,98,140,99,142
1,890,63,144,98,135,123,138,99,152,98,140,99,143
1,891,63,145,99,134,124,141,99,154,98,141,99,144
1,892,69,144,98,136,126,139,100,152,98,142,99,142
1,893,69,144,98,136,126,138,100,152,98,142,99,142
1,894,70,144,98,137,124,139,99,151,98,142,99,141
1,895,70,143,98,137,125,139,99,152,98,142,100,141
1,896,69,144,97,136,125,138,99,155,98,142,99,144
1,897,69,146,98,136,125,139,99,154,98,142,99,143
1,898,69,145,98,136,124,139,99,156,98,142,99,144
1,899,70,144,98,136,125,140,99,154,98,142,99,143
1,900,68,146,98,136,124,139,100,155,98,142,99,143
1,901,69,145,97,136,125,139,99,155,98,142,99,144
1,902,70,145,98,136,122,139,100,152,98,142,99,141
1,903,70,145,97,136,124,139,100,152,98,142,100,141
1,904,70,145,96,136,126,139,99,152,97,141,98,142
1,905,69,144,97,136,124,138,99,153,97,141,99,142
1,906,70,144,97,137,123,138,99,152,97,143,99,141
1,907,70,144,96,137,125,138,98,153,97,143,98,143
1,908,69,144,97,136,124,138,99,153,98,143,99,143
1,909,68,143,97,135,124,138,100,153,97,142,99,142
1,910,69,143,97,136,124,138,99,153,97,142,99,142
1,911,70,144,97,136,124,139,100,152,97,142,99,142
1,912,70,144,97,137,124,138,100,151,98,143,99,140
1,913,69,142,96,137,126,138,99,153,97,142,98,142
1,914,70,144,97,136,126,139,99,152,97,141,98,142
1,915,71,144,97,136,125,139,100,153,98,142,99,142
1,916,71,144,97,136,125,139,99,152,98,142,98,142
1,917,70,146,97,136,124,138,99,152,97,142,99,142
1,918,70,144,97,136,124,139,99,152,97,141,99,141
1,919,71,145,97,136,124,139,98,152,98,142,98,142
1,920,72,145,97,136,124,139,98,152,97,142,98,141
1,921,72,144,97,137,126,139,100,151,98,142,99,141
1,922,71,143,97,137,126,138,99,151,97,141,99,141
1,923,71,144,97,137,125,138,99,151,97,143,99,139
1,924,71,143,96,136,126,138,99,153,98,142,98,143
1,925,70,145,96,136,125,138,98,157,97,141,98,145
1,926,70,145,97,137,124,139,98,155,97,142,98,145
1,927,70,144,97,137,124,138,98,155,97,142,98,145
1,928,68,144,96,135,126,138,99,154,97,142,99,143
1,929,68,144,96,135,126,138,99,154,97,142,99,143
1,930,68,145,97,135,125,138,98,154,97,141,98,144
1,931,67,145,97,135,125,138,98,154,97,141,99,144
1,942,70,144,95,138,124,139,98,151,96,143,98,141
1,943,70,145,96,136,126,138,99,153,97,142,98,141
1,944,70,144,96,136,126,138,99,152,97,142,99,141
1,945,69,145,96,135,126,139,99,152,97,141,98,141
1,946,68,144,97,135,126,139,99,152,97,142,98,141
1,947,69,144,96,135,126,138,99,152,97,141,99,141
1,948,70,145,96,135,125,139,99,151,96,142,98,140
1,949,71,146,96,137,125,140,99,151,97,143,99,141
1,950,71,146,96,137,125,139,99,151,96,143,98,141
1,951,73,143,98,137,125,140,100,154,98,142,99,144
1,952,72,142,97,137,126,139,100,153,98,142,99,143
1,953,75,145,99,137,127,147,99,154,99,144,100,146
1,954,74,146,99,136,127,148,99,156,99,143,99,146
1,955,73,147,99,136,127,147,99,155,99,142,99,145
1,956,73,147,98,135,127,148,100,156,98,142,99,146
1,957,77,148,98,138,127,148,99,157,98,144,99,147
1,958,76,146,98,137,127,147,99,158,98,144,98,147
1,959,76,146,98,139,124,146,99,155,98,144,98,146
1,960,76,148,97,137,128,147,99,158,98,144,99,147
1,961,76,147,98,138,125,148,99,157,98,144,98,147
1,962,75,143,99,140,123,143,99,152,99,144,99,144
1,963,76,145,99,139,124,146,99,155,99,145,99,146
1,964,76,144,99,140,122,143,99,154,99,144,99,144
1,965,76,143,98,140,121,143,99,153,98,145,99,143
1,966,75,141,98,138,124,142,99,152,99,144,99,143
1,967,75,141,98,139,122,141,99,150,99,144,99,141
1,992,73,145,99,138,123,143,99,157,98,143,99,146
1,993,72,146,98,138,123,143,98,159,98,144,99,149
1,994,73,145,98,138,122,143,98,157,98,144,99,147
1,995,72,146,98,138,122,143,98,157,98,144,98,147
1,996,72,148,99,138,121,145,98,160,98,143,99,148
1,1005,72,145,98,137,123,142,98,156,98,143,99,146
1,1006,69,146,98,137,122,142,97,163,97,142,97,152
1,1007,69,146,97,137,123,142,97,164,97,142,97,152
1,1008,73,143,98,139,125,142,99,156,98,143,99,146
1,1009,74,142,99,137,125,144,98,151,99,143,99,141
1,1010,74,142,99,138,124,143,98,152,99,143,99,142
1,1011,75,146,99,136,126,148,99,159,99,144,100,148
1,1012,74,148,99,136,127,150,99,158,99,143,99,147
1,1013,74,142,99,138,123,143,99,153,99,144,99,144
1,1014,74,141,100,138,122,144,99,155,99,143,99,146
1,1015,74,139,99,139,124,141,98,152,99,144,99,143
1,1016,73,139,99,138,123,142,98,152,99,143,98,142
1,1017,73,147,98,137,128,148,99,159,99,144,99,147
1,1018,75,146,99,136,127,149,99,157,99,143,99,147
1,1019,73,147,99,137,126,148,98,158,99,143,99,147
1,1020,74,146,99,137,126,148,99,156,99,144,99,146
1,1021,76,147,99,137,125,150,99,157,99,144,99,146
1,1022,75,146,99,138,125,149,98,155,99,144,99,146
1,1023,75,146,99,137,124,148,99,158,99,144,99,148
1,1024,75,147,98,136,126,150,99,158,98,143,98,147
1,1025,74,146,99,138,124,149,98,156,99,144,99,146
1,1026,73,146,99,136,126,148,98,156,99,143,99,147
1,1027,73,146,99,136,127,149,99,156,99,143,99,146
1,1028,72,147,98,134,127,149,99,159,98,141,99,148
1,1029,72,146,98,135,127,149,99,158,98,142,99,147
1,1030,75,147,99,136,126,149,99,157,99,143,99,147
1,1031,75,147,99,136,126,149,99,157,99,143,100,147
1,1032,75,147,98,137,127,148,99,159,99,143,99,149
1,1033,74,147,98,136,127,147,99,159,99,143,99,149
1,1034,72,144,98,137,123,143,98,155,99,144,99,145
1,1035,73,144,98,138,123,143,98,155,98,144,98,145
1,1036,70,145,96,135,124,141,98,155,97,142,98,145
1,1037,71,146,97,136,124,141,98,155,97,143,98,145
1,1038,70,146,99,136,123,140,100,153,99,142,100,142
1,1039,69,145,98,137,123,141,100,153,98,142,100,143
1,1040,72,146,97,136,124,142,99,154,98,143,99,144
1,1041,72,146,98,136,124,142,99,154,98,143,99,143
1,1042,71,145,97,137,123,140,99,153,97,143,99,143
1,1043,72,144,97,138,124,140,99,153,98,143,99,144
1,1045,72,145,97,139,123,140,99,153,98,143,99,144
1,1046,72,145,97,138,124,140,99,154,98,143,98,144
1,1047,69,146,97,136,123,141,98,155,97,142,99,145
1,1048,69,146,97,136,123,141,99,154,97,143,98,144
1,1049,70,145,97,136,125,141,99,155,98,142,98,145
1,1050,71,145,97,137,124,142,98,156,98,143,98,145
1,1051,70,145,97,136,124,141,98,155,97,142,99,144
1,1052,70,145,97,136,125,141,98,155,97,142,98,144
1,1053,73,146,97,136,126,143,99,159,97,143,98,147
1,1054,72,146,97,136,126,140,99,159,97,143,98,148
1,1055,70,145,97,136,125,141,98,155,97,143,98,145
1,1056,69,144,97,136,125,140,98,155,97,142,98,143
1,1093,71,145,96,136,127,139,98,157,96,141,97,145
1,1094,69,146,96,135,127,138,98,156,97,141,98,145
1,1095,69,146,96,135,127,137,98,156,97,142,98,145
1,1096,69,146,95,136,125,137,100,149,96,142,99,138
1,1097,70,145,96,135,127,138,99,149,96,142,99,138
1,1098,70,145,96,136,126,138,97,154,96,142,97,144
1,1099,68,144,96,136,126,138,98,156,96,142,98,144
1,1100,70,143,95,137,124,136,100,149,96,142,98,139
1,1101,70,143,95,137,125,137,99,148,96,143,98,138
1,1104,70,143,99,136,127,145,99,156,99,142,98,143
1,1105,77,145,99,138,124,148,99,155,99,143,99,145
1,1106,71,142,100,137,127,145,99,153,100,143,100,142
1,1107,70,143,99,136,127,144,99,155,99,143,99,142
1,1117,71,144,99,137,125,145,99,154,99,143,98,142
1,1118,69,143,99,137,125,144,98,154,99,142,99,143
1,1119,71,143,99,137,125,144,99,152,100,142,99,142
1,1120,70,143,100,136,126,144,98,154,99,142,99,142
1,1121,69,142,99,137,125,143,98,153,99,142,99,142
1,1122,70,143,99,136,126,143,98,153,99,142,98,142
1,1126,71,142,99,138,124,144,98,154,99,144,98,143
1,1127,71,142,99,137,124,143,98,154,99,144,98,142
1,1128,69,142,99,138,123,143,98,154,99,143,99,143
1,1129,69,141,98,138,124,143,97,155,98,143,97,143
1,1133,71,143,99,138,122,144,98,151,99,145,98,140
1,1134,71,143,99,138,123,143,98,152,99,143,98,143
1,1135,70,143,100,137,123,143,98,153,99,143,99,143
1,1136,74,143,99,137,125,143,100,151,99,142,100,142
1,1137,69,143,99,137,123,144,98,154,99,143,99,144
1,1138,71,142,99,138,125,143,98,151,99,144,98,141
1,1139,71,143,100,138,123,144,98,151,99,144,98,140
1,1140,73,142,100,137,125,143,101,151,100,142,100,142
1,1141,73,142,99,137,125,143,99,151,99,143,99,142
1,1142,71,143,99,136,125,144,100,155,99,142,99,143
1,1143,71,142,99,136,125,143,100,154,99,142,100,143
1,1144,72,142,99,137,126,143,100,152,99,142,99,143
1,1145,73,142,100,136,124,143,100,152,100,142,100,143
1,1146,73,142,99,137,123,143,100,152,99,142,100,142
1,1147,73,143,99,136,124,143,100,152,99,142,100,142
1,1148,72,143,99,136,124,143,100,153,99,142,99,143
1,1149,73,142,99,137,124,144,100,153,100,142,100,142
1,1150,73,142,99,136,125,144,101,153,100,142,100,143
1,1151,73,142,99,137,124,143,100,153,99,142,100,143
1,1152,73,142,99,137,125,143,101,153,99,142,100,143
1,1153,73,143,100,137,124,143,100,153,100,142,100,143
1,1205,70,138,101,138,126,143,99,152,101,145,100,141
1,1206,69,137,101,139,126,141,100,150,100,144,100,140
1,1207,68,137,100,139,126,141,100,150,100,145,100,141
1,1208,69,137,101,139,125,142,100,149,100,145,100,139
1,1209,69,137,100,138,126,141,100,150,100,145,100,141
1,1210,69,137,101,139,126,141,99,148,100,144,99,139
1,1211,70,137,100,139,126,142,99,147,100,145,99,138
1,1212,72,138,100,140,125,143,99,148,100,145,99,138
1,1213,71,138,100,139,125,143,98,149,100,145,99,140
1,1214,71,138,100,140,125,142,99,147,100,145,99,137
1,1215,70,138,100,140,125,142,99,151,100,144,98,141
1,1216,70,138,100,139,125,142,98,152,99,144,98,142
1,1217,71,138,100,139,124,141,98,150,99,145,99,140
1,1218,70,136,99,139,125,140,99,149,100,144,99,140
1,1219,70,137,99,138,126,141,98,148,100,144,98,138
1,1220,70,137,99,138,125,141,98,148,99,144,97,139
1,1221,71,138,100,140,125,142,98,151,100,145,99,141
1,1222,71,139,100,139,125,141,99,151,100,144,98,141
1,1223,71,138,100,139,123,143,98,149,99,145,98,139
1,1224,71,139,100,139,124,143,98,150,99,145,98,140
1,1225,72,139,99,139,124,143,99,150,100,145,98,139
1,1226,70,138,100,139,124,142,99,150,100,145,98,141
1,1227,70,138,100,139,125,142,98,150,99,145,98,140
1,1228,71,139,99,139,125,142,98,151,100,144,99,141
1,1229,72,138,100,140,124,142,98,149,99,145,98,140
1,1230,68,136,99,139,125,139,98,147,100,144,99,137
1,1231,69,136,100,139,125,139,98,147,99,145,99,137
1,1232,69,137,100,139,125,138,99,153,99,144,99,144
1,1233,69,138,99,139,125,138,99,153,99,143,99,143
1,1234,71,140,99,139,126,141,99,154,99,144,99,145
1,1235,70,139,99,138,127,140,99,153,99,144,99,143
1,1236,70,141,98,139,126,141,98,155,98,144,98,144
1,1237,69,140,98,139,127,141,98,155,98,145,98,145
1,1238,69,140,98,138,127,141,98,156,98,144,98,145
1,1239,69,140,99,139,127,141,99,156,98,144,98,145
1,1240,68,141,98,138,127,141,98,155,99,144,98,144
1,1241,68,141,98,138,126,141,98,155,98,144,98,144
1,1242,68,140,98,138,126,141,98,155,98,144,98,144
1,1243,67,140,99,139,126,140,98,155,98,144,98,144
1,1244,68,140,98,139,126,141,98,156,98,144,98,144
1,1245,69,141,98,138,126,142,98,156,98,144,98,144
1,1246,69,141,98,138,125,141,98,155,98,144,98,144
1,1247,69,141,98,139,125,141,98,155,98,145,98,144
1,1266,72,144,97,134,129,143,99,153,97,142,98,142
1,1267,72,144,97,135,129,143,99,154,98,142,98,143
1,1268,70,142,97,137,127,140,98,155,97,142,98,144
1,1269,70,142,97,136,127,141,98,155,97,141,97,145
1,1270,72,142,96,137,126,138,97,153,97,142,97,144
1,1271,72,142,97,138,125,138,98,153,97,142,97,144
1,1272,69,146,97,134,129,145,98,163,98,141,97,149
1,1273,69,147,97,134,129,144,97,162,97,141,97,149
1,1274,68,145,97,134,130,144,98,164,98,142,98,149
1,1275,71,142,96,138,126,137,98,153,97,143,98,144
1,1276,71,142,96,138,126,137,98,153,97,143,98,144
1,1277,71,143,96,137,127,138,97,152,96,142,97,143
1,1278,72,143,96,137,126,138,98,152,97,142,98,142
1,1290,73,142,97,138,124,138,98,149,97,143,98,139
1,1291,73,142,96,139,124,139,98,150,97,143,98,140
1,1292,72,142,96,138,125,139,98,151,97,143,98,141
1,1293,72,143,96,138,124,138,98,151,97,143,98,141
1,1294,72,143,97,138,125,139,98,152,97,143,97,142
1,1295,72,142,96,137,125,139,98,151,97,143,98,142
1,1296,73,143,96,138,123,140,98,152,97,143,97,141
1,1297,73,143,97,137,125,140,97,153,96,143,97,142
1,1298,73,143,96,138,125,140,97,153,96,143,97,142
1,1299,73,144,96,137,124,140,97,152,97,143,97,142
1,1300,73,143,97,137,125,140,97,152,97,143,97,141
1,1301,74,143,96,137,124,140,98,152,97,143,97,141
1,1302,73,142,96,137,124,140,98,152,96,143,97,142
1,1303,73,144,96,137,123,140,97,152,96,143,97,142
1,1304,72,142,97,137,124,140,98,152,97,143,98,142
1,1305,73,143,96,138,124,141,98,152,97,142,98,142
1,1306,73,143,96,138,125,140,98,154,97,143,98,143
1,1307,71,143,96,137,124,141,98,154,97,143,98,143
1,1308,72,142,97,138,125,140,97,154,97,143,97,144
1,1309,72,145,96,138,123,141,98,153,97,144,98,142
1,1310,73,145,96,138,123,141,98,152,97,144,98,142
1,1311,72,144,96,138,123,141,98,154,97,143,98,143
1,1312,72,144,96,138,123,141,98,153,97,143,98,143
1,1313,71,144,97,137,124,140,98,154,97,143,97,142
1,1314,72,144,96,138,124,141,97,154,96,144,97,143
1,1315,72,144,96,138,122,141,98,152,97,143,98,142
1,1316,72,144,96,138,122,141,98,151,96,143,97,140
1,1317,72,143,96,137,123,141,98,152,97,143,97,141
1,1318,73,144,96,138,123,140,97,153,97,143,97,142
1,1319,72,144,96,137,123,140,98,152,97,143,97,141
1,1320,71,143,97,138,123,141,98,153,97,143,97,143
1,1321,71,143,97,138,123,140,97,152,97,143,97,142
1,1322,71,143,97,138,124,140,98,152,97,143,97,142
1,1323,73,143,97,138,123,140,98,152,97,143,97,141
1,1324,73,144,96,138,122,140,98,153,97,143,97,142
1,1325,73,144,96,137,123,141,98,153,96,144,97,142
1,1326,71,143,97,137,123,140,98,152,97,143,97,141
1,1327,71,143,96,137,123,140,98,153,96,143,97,143
1,1328,72,143,97,137,123,141,98,151,97,143,97,141
1,1329,72,143,97,138,123,141,97,151,97,143,97,141
1,1330,72,143,97,137,123,140,98,152,97,143,98,141
1,1331,72,144,96,138,123,141,97,152,97,143,97,143
1,1332,72,143,97,137,123,140,98,150,97,143,97,141
1,1333,73,143,96,138,123,140,97,152,97,143,97,141
1,1334,72,143,97,138,123,140,98,151,98,142,98,141
1,1335,72,143,97,138,123,140,98,150,97,143,98,140
1,1336,73,144,97,137,123,141,97,151,97,144,98,141
1,1337,72,143,97,138,124,140,98,151,98,144,98,140
1,1338,72,142,97,139,123,139,98,150,98,143,98,140
1,1339,72,142,97,139,123,139,98,150,98,143,98,141
1,1340,71,144,97,138,124,141,97,152,97,143,98,142
1,1341,70,143,97,136,125,140,98,155,97,143,99,144
1,1342,70,143,97,137,125,140,98,156,97,143,98,144
1,1343,70,144,96,137,123,139,98,151,97,142,98,140
1,1354,70,148,95,136,127,143,97,154,96,142,97,144
1,1355,69,146,96,136,127,142,97,155,97,143,97,145
1,1356,70,147,96,137,128,142,97,154,96,142,97,144
1,1357,69,146,96,137,127,143,98,157,96,144,97,146
1,1358,70,145,96,137,127,142,97,156,97,144,96,146
1,1359,70,146,96,138,127,142,97,156,96,144,97,145
1,1360,70,145,96,137,129,142,97,154,96,144,97,144
1,1379,69,146,96,137,127,143,97,155,96,142,97,144
1,1380,68,146,96,136,127,143,97,155,96,143,97,144
1,1381,69,148,96,135,127,145,97,155,96,142,97,144
1,1382,69,148,96,135,127,145,98,154,96,142,97,144
1,1383,69,148,96,135,126,143,98,155,97,142,98,144
1,1384,69,148,96,135,127,144,98,155,97,142,98,144
1,1385,70,149,96,135,127,145,98,153,96,143,97,142
1,1386,69,147,96,136,127,144,98,153,97,142,97,142
1,1387,71,149,96,135,126,145,98,153,97,142,98,143
1,1388,69,147,96,135,127,145,98,155,97,143,98,144
1,1389,69,147,97,136,127,144,97,156,97,143,98,146
1,1390,69,146,96,137,128,142,97,154,97,143,97,144
1,1391,69,146,96,137,128,142,97,154,96,143,97,144
1,1392,70,145,96,137,126,143,97,155,96,144,97,145
1,1393,69,146,96,137,126,144,98,156,96,143,97,146
1,1394,70,145,96,137,126,143,97,154,96,144,97,145
1,1424,72,140,100,139,126,143,100,149,100,143,100,140
1,1425,71,138,100,138,127,142,100,148,100,143,100,140
1,1426,71,139,100,138,128,143,99,149,100,143,99,140
1,1427,71,138,100,138,127,142,99,149,100,143,99,140
1,1428,71,138,100,138,126,142,100,149,100,143,100,140
1,1429,71,138,100,139,126,141,99,147,100,143,100,139
1,1430,71,138,101,138,126,142,100,149,100,143,100,140
1,1431,72,137,100,139,127,141,99,149,100,143,99,141
1,1432,71,139,100,138,124,143,100,149,100,143,100,141
1,1433,72,139,100,139,125,143,99,149,100,144,100,141
1,1434,71,139,100,139,125,143,100,149,100,143,100,141
1,1435,71,139,100,139,125,142,99,149,100,143,99,141
1,1436,73,139,100,139,126,143,100,150,99,143,99,141
1,1437,73,139,100,139,126,143,99,150,100,143,100,140
1,1438,73,140,100,139,125,143,99,151,100,144,100,142
1,1439,73,139,100,138,125,144,100,150,100,143,100,142
1,1440,72,139,100,138,126,143,99,150,99,143,99,142
1,1441,72,139,100,139,124,143,100,150,100,144,100,142
1,1442,72,140,100,139,126,144,99,151,100,144,100,143
1,1443,71,139,100,138,125,143,100,149,100,143,100,141
1,1444,72,139,100,138,125,143,99,149,100,143,99,141
1,1445,72,139,100,137,127,143,99,150,100,143,99,141
1,1446,72,139,100,138,127,143,99,150,100,144,100,140
1,1447,73,140,100,139,126,143,99,149,100,143,100,140
1,1448,72,140,99,138,127,143,99,150,100,144,100,141
1,1449,72,139,100,139,125,142,100,150,100,143,100,141
1,1450,73,140,100,138,125,143,99,150,100,143,99,141
1,1451,73,140,100,139,125,143,99,149,100,144,100,141
1,1452,73,141,100,138,124,143,99,149,100,143,99,141
1,1453,73,140,100,139,123,143,99,149,100,143,100,141
1,1454,72,141,101,138,124,143,99,149,100,143,99,140
1,1455,72,140,100,139,122,142,100,148,100,144,100,140
1,1456,72,139,101,139,122,142,100,148,101,143,100,140
1,1457,72,140,101,138,124,143,100,149,101,144,100,140
1,1458,72,139,101,138,124,142,100,149,100,144,100,140
1,1459,72,139,100,138,125,142,99,149,100,143,100,141
1,1460,72,140,101,138,124,143,100,149,101,144,100,140
1,1461,72,140,100,139,124,143,100,150,100,144,100,141
1,1462,72,140,101,138,124,143,100,149,100,143,100,140
1,1463,73,140,100,138,124,143,99,149,100,144,100,139
1,1464,72,139,100,138,125,142,99,149,100,144,99,141
1,1465,72,140,100,138,125,142,99,150,100,143,100,141
1,1466,73,139,100,138,125,142,100,149,100,144,100,141
1,1467,72,140,100,138,126,142,99,151,100,144,99,141
1,1468,73,139,100,138,125,142,99,149,100,143,99,140
1,1469,74,139,100,139,124,142,99,149,100,143,99,140
1,1470,72,139,100,138,125,142,100,150,100,143,100,141
1,1471,72,139,100,138,126,143,99,150,100,143,99,142
1,1472,72,139,100,138,124,142,100,149,100,142,100,141
1,1473,72,139,100,138,125,142,99,150,100,142,100,142
1,1474,72,139,100,138,125,142,99,150,100,142,100,142
1,1477,73,140,100,138,124,142,100,151,100,143,100,141
1,1478,73,139,100,138,126,142,100,151,100,143,100,142
1,1479,74,140,100,138,126,142,100,151,100,143,100,141
1,1480,74,140,100,138,126,142,100,151,100,142,100,142
1,1481,73,141,100,137,125,144,101,151,100,141,101,141
1,1482,73,141,100,137,125,143,101,151,100,141,100,141
1,1483,73,142,100,137,126,144,100,154,100,142,100,143
1,1484,73,142,100,137,126,144,101,153,100,141,100,143
1,1485,74,140,100,138,126,144,100,150,100,143,100,140
1,1486,74,141,101,138,125,144,101,150,101,142,101,141
1,1537,70,138,101,139,124,143,100,149,100,145,100,140
1,1538,70,139,100,139,125,142,99,149,100,145,99,140
1,1539,72,138,100,139,124,142,99,145,100,144,99,135
1,1540,72,138,100,139,124,142,99,145,100,145,99,135
1,1541,72,138,101,140,123,143,99,148,100,145,99,138
1,1542,71,139,100,139,123,143,99,148,100,144,99,139
1,1543,71,139,100,139,123,143,99,148,100,144,100,139
1,1544,70,139,100,139,124,142,99,148,100,144,99,139
1,1545,72,139,100,139,124,142,98,149,99,144,99,140
1,1546,73,140,100,139,124,142,99,147,99,144,99,138
1,1547,73,139,100,139,123,143,99,148,99,144,99,139
1,1548,73,140,100,139,123,143,99,147,100,143,99,139
1,1549,73,139,100,138,125,142,99,150,100,144,99,141
1,1550,73,140,100,138,125,142,100,150,100,143,100,141
1,1551,73,139,100,139,124,142,100,149,100,144,99,141
1,1552,73,140,100,138,124,142,99,151,100,144,99,141
1,1553,73,141,100,138,123,142,99,151,100,143,99,142
1,1554,72,140,100,138,124,143,99,152,100,143,99,142
1,1555,73,141,99,138,124,143,100,152,100,144,100,142
1,1556,74,142,100,139,124,143,99,152,100,143,100,142
1,1557,74,142,100,139,124,143,100,151,100,143,100,142
1,1558,74,141,99,139,124,143,99,151,99,144,99,142
1,1559,74,142,99,139,124,143,100,151,100,144,100,142
1,1560,74,142,99,137,124,143,100,150,99,143,99,141
1,1561,74,142,99,138,123,143,99,150,99,143,99,140
1,1562,74,144,98,139,121,142,98,152,98,144,97,141
1,1563,74,144,98,140,121,143,98,151,98,144,98,141
1,1564,73,143,98,140,122,142,97,150,98,145,97,140
1,1565,73,144,98,140,121,142,97,150,98,145,98,140
1,1566,72,143,98,139,122,142,98,152,98,143,98,143
1,1567,71,143,97,139,123,142,98,153,98,144,97,143
1,1568,69,143,97,138,122,142,98,153,98,143,98,143
1,1569,70,144,98,138,121,142,98,153,97,144,98,143
1,1570,70,143,97,138,122,142,97,154,97,144,98,143
1,1571,70,144,97,138,122,142,98,154,97,143,98,144
1,1572,70,144,98,139,121,143,97,154,97,144,98,144
1,1573,70,144,98,139,121,143,98,154,98,144,98,144
1,1574,70,144,97,138,122,142,98,153,97,144,98,143
1,1575,70,144,97,139,122,142,98,151,98,144,98,142
1,1576,71,144,97,138,122,142,98,153,98,143,98,143
1,1577,71,144,98,138,121,143,97,152,97,143,98,143
1,1578,70,145,97,138,121,142,98,154,97,144,98,144
1,1579,71,145,97,139,121,143,97,153,97,144,98,142
1,1580,70,145,98,139,120,142,97,153,97,144,97,143
1,1581,71,144,97,139,121,142,98,151,98,144,99,141
1,1582,71,145,97,139,121,142,98,151,97,144,98,142
1,1583,71,145,98,139,122,143,98,152,97,144,98,142
1,1584,71,144,97,139,122,143,98,151,98,144,98,142
1,1585,71,144,98,138,123,143,98,152,98,144,98,142
1,1586,71,145,98,139,122,143,98,153,97,144,98,143
1,1587,72,144,98,139,122,143,98,151,97,144,98,142
2,1650,70,143,97,137,124,142,97,157,97,143,97,145
2,1651,69,144,97,136,124,142,98,158,97,143,97,146
2,1652,69,144,97,137,124,142,97,157,97,143,98,145
2,1653,70,143,97,138,124,141,97,157,97,143,98,145
2,1654,69,143,97,137,125,141,97,158,97,143,97,146
2,1655,70,143,97,136,125,142,97,157,98,142,97,146
2,1656,69,142,97,137,125,141,97,156,97,142,98,145
2,1657,70,143,96,137,124,141,97,159,97,143,97,146
2,1658,70,143,97,136,124,141,97,157,97,143,97,146
2,1659,70,143,97,136,124,141,97,157,97,143,97,146
2,1660,71,143,97,136,124,141,97,156,97,142,97,143
2,1661,70,143,96,136,124,141,97,156,97,143,97,143
2,1662,70,142,97,137,125,142,97,156,97,142,97,144
2,1663,71,142,97,137,124,141,97,155,97,142,98,144
2,1664,70,143,97,137,124,140,98,155,97,143,98,145
2,1665,70,144,97,138,124,140,97,156,97,142,98,145
2,1666,70,144,96,137,125,139,98,155,97,143,97,145
2,1667,70,143,96,138,123,140,97,155,97,143,97,145
2,1668,72,143,96,136,126,142,97,156,97,143,97,144
2,1669,73,143,97,137,125,142,98,156,97,142,97,144
2,1670,70,142,97,137,125,141,97,157,98,142,97,145
2,1671,71,143,97,137,125,142,97,156,98,142,97,145
2,1672,72,142,97,137,125,141,97,156,97,142,97,145
2,1673,71,142,97,137,125,141,98,156,97,142,97,144
2,1674,71,142,97,136,125,141,97,155,97,142,97,144
2,1675,71,142,97,135,125,141,97,157,97,142,97,145
2,1676,71,142,97,136,125,141,98,156,97,142,98,144
2,1677,71,142,96,136,125,141,97,157,97,142,97,145
2,1678,71,143,96,136,125,141,97,156,97,142,97,144
2,1679,70,142,97,136,126,140,97,155,97,142,97,144
2,1680,70,143,97,136,125,141,97,156,98,142,97,144
2,1681,71,142,97,137,124,141,98,155,97,141,98,144
2,1682,72,142,96,137,125,141,97,155,97,141,97,143
2,1683,71,143,97,136,125,142,97,157,97,141,97,145
2,1684,70,143,96,136,125,141,97,156,97,142,97,144
2,1685,72,152,96,132,130,147,98,161,96,141,97,148
2,1686,72,151,95,132,131,146,98,160,96,139,97,149
2,1687,72,142,97,137,127,141,97,154,97,142,97,143
2,1688,70,142,97,136,127,141,98,156,98,141,98,144
2,1689,71,142,97,136,126,142,98,156,97,141,98,144
2,1690,74,148,97,133,131,146,99,160,97,142,98,148
2,1691,71,142,97,137,125,142,98,154,98,142,98,143
2,1692,70,142,97,137,125,141,98,155,97,142,98,144
2,1693,70,142,97,136,126,141,98,156,97,141,98,144
2,1694,70,141,97,136,126,141,98,157,97,142,98,144
2,1695,70,142,97,137,125,141,98,157,98,142,97,145
2,1696,69,142,98,136,125,141,97,155,98,142,98,144
2,1697,70,142,97,136,125,141,98,155,97,142,98,144
2,1698,70,142,97,137,125,142,98,157,97,142,97,145
2,1699,70,142,97,137,125,141,97,156,98,142,98,144
2,1700,70,142,97,137,125,141,97,155,97,142,98,144
2,1701,71,142,97,136,125,141,98,155,97,142,98,144
2,1702,71,142,97,136,125,141,98,155,97,142,98,144
2,1703,72,143,97,136,124,142,98,154,97,142,98,144
2,1704,71,142,97,137,125,142,97,155,98,142,98,144
2,1705,72,145,96,138,121,143,97,155,97,144,97,144
2,1706,73,146,96,138,121,143,97,155,96,144,98,144
2,1707,69,147,96,136,123,144,96,157,96,142,97,145
2,1708,69,147,96,136,123,144,96,156,96,142,96,146
2,1709,72,145,96,136,125,140,98,158,97,142,98,147
2,1710,71,146,97,136,125,140,98,157,97,142,97,146
2,1711,72,146,96,137,123,142,98,156,97,143,97,146
2,1712,73,146,96,138,124,142,97,155,97,143,97,145
2,1713,73,145,97,138,123,142,98,156,97,143,98,145
2,1728,71,144,97,136,126,140,98,155,97,142,98,144
2,1729,71,146,97,135,124,141,98,157,97,142,98,145
2,1730,71,145,97,136,124,140,99,153,97,143,99,142
2,1731,70,146,97,135,124,141,98,155,97,142,98,144
2,1732,71,147,97,134,124,141,99,155,97,142,99,144
2,1740,73,147,96,139,122,143,97,156,96,144,97,146
2,1741,72,146,96,137,122,143,97,154,96,143,97,143
2,1742,71,147,96,138,122,143,97,155,96,143,97,144
2,1743,72,147,97,136,124,143,98,159,97,142,98,148
2,1744,71,148,96,135,124,143,97,159,97,143,98,146
2,1745,71,147,96,135,124,142,98,159,96,142,97,147
2,1746,70,149,96,134,127,143,98,162,96,141,97,149
2,1747,71,147,96,134,125,142,97,159,97,142,97,147
2,1748,70,149,95,135,126,143,98,161,96,141,97,150
2,1749,71,148,96,135,126,142,97,161,96,142,97,149
2,1750,70,147,96,134,126,142,98,159,97,141,98,147
2,1751,73,147,97,135,124,144,98,159,97,142,98,147
2,1752,71,148,97,134,125,143,98,161,97,141,98,149
2,1753,71,148,97,135,124,143,98,159,97,142,97,147
2,1796,72,149,96,134,128,144,98,163,97,142,98,151
2,1797,73,149,97,135,128,145,99,165,97,143,98,152
2,1798,74,146,97,136,128,143,98,160,97,142,98,149
2,1799,73,147,96,135,128,143,99,161,97,142,97,149
2,1800,74,146,97,136,125,143,98,160,98,143,97,147
2,1907,70,147,97,135,124,143,98,154,97,142,98,143
2,1908,70,145,97,137,123,142,98,153,98,144,98,143
2,1909,70,146,97,135,123,142,98,151,98,143,98,142
2,1910,69,146,97,135,122,142,99,152,98,142,99,142
2,1911,69,146,97,137,122,142,98,154,97,144,98,143
2,1912,69,146,97,137,123,143,97,157,97,144,97,145
2,1913,70,146,97,137,122,141,99,151,97,144,98,141
2,1914,69,146,97,136,123,141,99,152,97,143,99,142
2,1915,70,148,96,136,125,142,98,154,97,142,98,144
2,1916,71,150,96,134,125,144,98,155,96,141,98,146
2,1917,69,146,97,137,124,142,98,153,97,143,98,142
2,1918,69,146,97,136,123,142,98,153,98,143,98,142
2,1919,69,147,97,136,124,141,99,153,97,144,98,143
2,1920,69,146,97,136,123,141,99,153,98,142,99,143
2,1921,69,146,97,136,123,141,99,153,97,143,98,142
2,1922,70,146,97,136,123,142,98,154,97,144,98,144
2,1923,69,145,96,137,124,141,98,154,97,144,98,143
2,1924,70,146,97,136,124,143,98,157,97,143,97,146
2,1925,69,146,97,136,124,143,98,156,97,143,97,145
2,1926,69,145,97,135,125,142,98,157,97,142,98,146
2,1927,69,145,96,135,126,141,97,157,97,142,98,146
2,1928,70,146,96,136,125,143,97,157,97,143,96,145
2,1929,71,147,96,135,124,144,97,157,97,143,97,146
2,1930,69,146,97,135,126,142,97,158,97,143,97,147
2,1931,69,146,96,136,126,142,98,156,97,143,97,145
2,1932,67,144,96,136,125,141,96,158,97,143,96,146
2,1933,67,144,95,136,126,141,96,159,97,143,96,147
2,1934,65,144,97,135,129,140,98,159,97,140,97,149
2,1935,66,143,97,135,128,140,98,159,97,141,97,149
2,1936,64,143,97,132,131,140,97,163,98,139,97,151
2,1937,63,143,98,133,131,140,98,162,98,139,98,150
2,1938,63,143,98,133,131,139,97,162,97,139,97,151
2,1939,64,143,97,136,128,140,96,164,98,140,96,154
2,1940,64,143,97,136,128,140,96,164,98,140,96,154
2,1941,69,144,97,138,123,143,97,159,97,144,98,148
2,1942,69,146,98,136,125,144,97,164,98,141,97,154
2,1943,70,144,97,138,123,142,97,161,97,144,97,149
2,1944,70,144,97,138,123,143,97,160,98,144,97,148
2,1945,70,147,97,136,124,144,97,161,97,142,97,149
2,1946,72,146,97,137,122,143,97,159,97,144,98,148
2,1947,72,147,97,136,123,144,97,161,98,143,97,149
2,1948,72,147,98,136,124,144,98,161,98,142,98,149
2,1949,71,149,96,135,126,144,98,162,97,141,97,151
2,1950,71,150,96,134,125,144,98,163,97,141,97,152
2,1951,71,148,97,134,124,143,98,163,97,142,97,151
2,1952,71,149,96,134,126,143,97,163,97,141,97,152
2,1962,70,147,97,135,124,142,97,164,97,141,97,151
2,1963,70,146,97,134,124,143,97,164,97,141,97,152
2,1964,71,150,96,134,124,145,98,165,97,141,97,153
2,1965,71,151,96,134,124,145,97,165,97,141,96,154
2,1966,69,149,97,134,125,144,98,163,97,141,97,151
2,1967,69,150,97,134,125,145,97,165,98,140,96,154
2,1968,65,143,98,135,126,140,98,157,97,142,98,146
2,1969,66,143,97,136,126,140,98,156,98,141,98,146
2,1970,68,145,98,135,125,144,98,154,98,143,98,144
2,1971,69,145,98,135,125,144,98,154,98,143,98,144
2,1972,66,145,97,136,124,143,97,157,97,142,97,146
2,1973,66,146,97,135,124,144,98,156,97,143,97,145
2,1974,66,146,98,135,125,143,98,156,98,143,97,146
2,1975,66,146,98,135,126,145,98,155,97,142,98,146
2,1976,67,146,98,136,126,145,98,156,98,142,97,145
2,1977,67,146,97,135,125,144,98,156,97,143,98,146
2,1978,66,146,97,136,126,144,97,156,97,143,98,146
2,1979,66,146,97,136,125,144,98,156,97,142,98,145
2,1980,67,146,97,136,126,145,97,156,97,142,97,146
2,1981,66,146,97,136,126,144,98,157,97,142,97,146
2,1982,66,146,98,135,125,145,98,156,97,142,98,146
2,1983,68,146,97,135,125,144,97,156,97,142,98,145
2,1984,68,146,97,135,125,143,97,155,97,143,97,145
2,1985,70,145,97,135,125,144,98,153,98,142,97,143
2,1986,71,145,97,135,125,143,98,154,98,142,98,143
2,1987,71,146,97,137,124,142,98,153,97,143,98,143
2,1988,69,145,96,135,125,142,97,153,96,142,97,142
2,1989,68,145,97,135,124,142,98,153,97,142,98,143
2,1990,68,145,97,136,124,142,97,154,97,142,97,144
2,1991,69,145,97,136,124,142,98,153,97,143,98,143
2,2001,69,145,98,136,124,142,98,156,97,142,98,147
2,2002,70,145,97,137,124,141,98,156,98,142,98,146
2,2003,70,144,98,136,124,141,97,156,97,141,98,146
2,2004,70,145,97,136,124,142,98,158,98,142,98,148
2,2005,70,145,97,135,124,142,97,158,97,142,98,146
2,2040,72,145,97,136,123,143,98,157,98,143,98,147
2,2041,69,148,97,136,123,145,97,165,97,143,97,153
2,2042,71,142,98,136,128,142,99,153,98,141,99,144
2,2043,73,150,98,136,122,148,98,161,97,144,99,150
2,2044,71,143,98,136,127,143,98,157,98,142,98,147
2,2045,71,142,98,136,128,143,98,161,98,142,99,150
2,2046,72,142,98,136,127,142,98,155,98,142,98,144
2,2047,73,147,98,137,123,144,98,157,97,143,98,147
2,2048,72,148,97,138,124,145,97,156,97,143,98,146
2,2049,73,140,99,136,128,142,98,156,98,142,98,146
2,2050,72,139,99,137,128,141,98,154,99,142,99,144
2,2051,73,139,98,137,126,140,97,149,98,143,98,140
2,2052,72,140,98,137,126,140,98,150,98,142,98,140
2,2063,70,145,97,138,122,144,98,153,98,144,98,142
2,2064,64,146,97,132,127,147,95,162,97,140,94,149
2,2065,62,144,97,132,130,147,94,165,97,139,94,153
2,2066,70,147,96,134,126,145,97,153,97,141,96,143
2,2067,70,147,96,134,126,147,97,155,97,141,97,144
2,2068,65,143,101,132,125,151,98,163,100,140,99,151
2,2069,65,142,101,134,125,148,99,161,100,140,99,150
2,2070,66,147,97,133,130,146,97,157,97,140,96,147
2,2071,66,144,97,133,127,145,95,157,97,142,96,145
2,2072,66,144,97,132,128,146,96,157,97,142,96,144
2,2073,66,144,98,133,130,147,97,156,97,141,96,145
2,2074,66,145,97,133,128,146,96,155,97,142,96,143
2,2075,66,145,97,133,126,146,97,154,98,141,97,142
2,2076,66,143,101,133,125,150,98,160,100,140,99,148
2,2077,68,146,96,134,126,146,96,155,97,141,96,145
2,2078,67,145,98,134,128,147,97,153,98,141,97,142
2,2079,67,146,97,134,129,147,97,158,97,142,96,146
2,2080,67,146,97,133,128,147,95,158,98,141,95,147
2,2081,68,144,97,134,129,148,96,156,97,141,96,145
2,2082,66,144,97,134,128,147,96,154,97,143,97,142
2,2083,67,145,97,134,130,148,95,159,98,142,95,147
2,2084,67,146,97,134,129,148,95,160,97,142,96,148
2,2085,74,151,98,131,130,151,100,164,98,142,99,152
2,2086,73,150,98,132,129,150,100,164,98,141,99,152
2,2090,69,145,96,135,129,147,96,155,96,143,96,144
2,2091,70,145,97,135,128,147,97,154,97,142,97,143
2,2092,76,151,98,133,128,152,99,164,99,142,100,152
2,2093,67,145,98,134,128,147,95,159,97,142,94,148
2,2094,69,145,97,135,126,146,97,153,97,142,97,142
2,2124,66,145,96,134,126,147,95,156,96,142,94,144
2,2125,74,149,98,137,128,148,100,170,98,143,99,159
2,2126,73,153,97,133,130,151,99,173,97,142,99,160
2,2127,74,150,98,135,128,149,99,170,98,143,99,157
2,2128,75,151,98,135,127,150,99,169,98,143,99,156
2,2129,75,150,98,136,127,150,99,169,98,143,99,157
2,2130,63,146,97,134,128,146,96,166,97,142,96,154
2,2131,64,146,98,133,129,147,94,166,97,141,94,153
2,2132,66,146,97,134,127,147,95,159,97,140,95,149
2,2133,69,146,96,134,129,145,96,160,96,141,96,149
2,2134,70,144,98,133,134,145,99,162,98,141,99,151
2,2135,73,149,98,135,129,149,99,162,98,142,99,151
2,2136,75,152,97,135,129,151,99,170,98,143,99,158
2,2152,76,144,99,139,121,144,98,154,99,145,99,144
2,2153,74,146,98,137,123,145,99,158,98,144,98,146
2,2154,75,144,99,138,123,145,99,155,98,144,98,144
2,2155,75,144,99,138,123,145,99,155,98,144,98,144
2,2156,73,142,99,137,126,142,99,157,98,144,99,146
2,2157,73,143,99,138,125,142,99,157,98,143,98,146
2,2158,71,145,97,139,120,143,97,157,98,144,97,147
2,2159,72,145,97,139,120,144,97,157,98,144,97,147
2,2160,71,146,98,138,123,144,98,159,98,143,98,147
2,2161,71,146,98,138,122,144,97,158,97,144,98,146
2,2162,71,146,97,138,121,144,98,155,98,144,97,146
2,2163,71,146,98,138,123,144,97,156,97,143,98,147
2,2164,74,146,98,139,121,144,99,154,97,144,98,145
2,2165,74,146,97,138,121,144,98,155,98,145,98,145
2,2174,72,146,98,138,122,144,98,154,98,143,98,145
2,2175,70,143,98,137,123,142,98,155,98,143,98,145
2,2176,71,144,98,137,122,144,97,155,98,143,98,145
2,2177,70,144,98,138,122,142,99,152,98,144,99,142
2,2178,71,145,97,138,123,142,99,152,98,144,99,141
2,2179,71,146,97,138,121,142,97,152,97,145,98,143
2,2180,71,144,98,139,122,142,98,151,98,144,99,142
2,2181,73,145,98,138,122,143,99,155,99,144,98,145
2,2182,74,145,98,138,122,143,99,155,98,144,98,145
2,2183,73,146,98,137,123,145,98,156,98,144,98,145
2,2184,72,147,98,137,122,146,98,156,98,143,98,145
2,2185,73,145,98,138,123,144,98,155,98,144,98,145
2,2186,72,145,98,138,123,144,97,156,98,144,98,145
2,2187,73,147,98,138,122,144,98,153,97,144,98,144
2,2188,73,146,97,138,122,144,97,153,97,143,98,144
2,2189,72,145,97,139,122,144,98,153,98,143,98,144
2,2190,71,145,97,139,123,144,98,153,98,144,98,144
2,2191,72,145,98,138,123,144,98,154,97,143,98,145
2,2192,71,145,97,138,122,143,97,154,97,143,97,144
2,2193,72,145,97,138,124,144,97,154,98,144,98,145
2,2194,72,146,98,138,122,143,98,153,97,143,98,144
2,2195,71,145,97,138,123,143,97,152,97,143,98,144
2,2258,71,145,98,137,124,142,98,157,98,143,98,147
2,2259,72,145,97,138,122,142,98,155,98,143,98,145
2,2260,74,145,98,139,124,142,99,156,99,145,99,145
2,2261,73,145,98,139,123,141,98,155,98,144,98,146
2,2262,72,144,97,139,122,142,98,156,98,145,98,146
2,2263,73,145,98,139,122,143,98,157,98,144,99,146
2,2264,72,144,97,138,122,141,98,156,98,144,98,145
2,2265,71,144,97,137,124,141,98,157,97,143,98,146
2,2266,72,145,97,138,124,141,99,156,98,143,99,145
2,2267,71,145,97,138,124,141,99,156,98,143,99,145
2,2268,71,144,98,138,123,141,99,156,98,143,99,144
2,2269,72,145,98,138,122,141,99,156,99,144,99,145
2,2270,72,144,98,138,125,140,100,156,99,144,100,145
2,2271,71,145,98,138,124,141,99,157,98,143,100,147
2,2272,72,144,98,138,125,140,100,155,98,144,99,144
2,2273,70,143,98,137,125,140,99,156,98,143,98,145
2,2274,71,144,98,137,124,141,99,158,98,143,98,146
2,2275,71,145,98,138,123,142,99,154,98,144,99,145
2,2276,72,145,98,138,123,142,99,155,98,144,99,145
2,2277,74,145,98,139,121,142,99,152,98,145,99,142
2,2278,74,145,98,139,121,142,100,152,98,144,100,142
2,2279,74,144,98,138,123,141,100,153,99,144,100,142
2,2280,74,144,98,137,124,142,100,155,98,143,99,144
2,2281,74,144,98,138,124,141,100,155,98,143,100,144
2,2282,75,145,98,138,122,142,99,154,98,145,99,143
2,2283,74,144,98,138,124,141,100,156,99,144,99,145
2,2284,73,144,98,137,125,141,99,155,98,144,99,144
2,2285,73,144,98,138,124,141,99,154,98,144,99,143
2,2286,73,144,98,138,125,140,99,153,98,144,99,142
2,2287,75,145,97,138,123,142,99,154,98,145,99,143
2,2288,75,146,98,138,124,141,99,155,98,144,99,144
2,2289,75,146,98,139,122,143,99,154,98,145,99,143
2,2290,73,145,98,137,124,141,99,155,98,143,99,143
2,2291,73,145,98,138,124,141,99,155,98,144,99,144
2,2292,72,144,98,136,125,142,98,155,98,143,99,144
2,2293,73,144,98,137,123,142,99,154,98,144,99,143
2,2294,74,146,97,137,124,142,99,157,98,142,99,146
2,2295,74,146,98,137,125,142,100,155,98,142,100,144
2,2296,74,145,98,137,124,142,99,154,98,143,99,143
2,2297,75,143,98,137,124,142,98,155,98,143,99,144
2,2298,74,146,98,137,124,143,99,157,98,143,99,146
2,2299,74,146,98,137,123,144,98,156,98,143,99,145
2,2300,74,144,98,137,126,142,99,156,98,143,99,145
2,2301,75,144,98,137,125,143,99,155,98,143,99,145
2,2302,74,146,98,137,123,143,100,154,98,143,100,143
2,2303,73,146,98,137,123,141,100,155,98,143,99,144
2,2304,73,146,98,137,123,142,99,156,98,143,99,146
2,2305,73,145,98,138,122,141,99,153,98,144,99,143
2,2306,74,146,98,138,121,142,99,154,98,144,99,142
2,2307,73,146,98,138,121,142,99,154,98,144,99,144
2,2308,73,145,98,138,121,141,99,152,98,144,99,142
2,2369,71,145,97,137,123,142,98,154,98,143,98,144
2,2370,70,144,97,137,124,142,98,154,98,143,98,144
2,2371,71,145,98,136,123,143,98,155,98,143,98,145
2,2372,70,145,97,136,123,142,97,155,98,143,98,144
2,2373,71,144,98,137,123,142,97,155,98,143,98,144
2,2374,71,144,98,137,123,143,97,155,98,143,98,144
2,2375,71,144,98,138,124,143,98,156,98,144,98,145
2,2376,71,145,97,138,123,142,98,156,98,144,98,145
2,2377,69,145,97,137,123,141,98,156,98,143,98,146
2,2378,69,145,97,137,123,142,98,156,97,143,98,145
2,2379,71,146,97,136,121,142,98,155,97,143,99,145
2,2380,70,145,97,137,122,142,98,157,97,144,98,146
2,2381,70,145,98,137,122,142,98,156,98,144,99,145
2,2382,70,145,98,136,123,142,98,155,98,143,98,144
2,2383,70,145,97,136,123,142,98,155,97,143,98,145
2,2384,71,146,97,136,123,143,98,156,97,143,98,145
2,2385,71,145,98,137,123,142,98,156,98,143,98,146
2,2386,70,144,98,137,123,141,98,156,98,143,98,145
2,2387,70,146,97,137,122,142,98,156,97,143,98,146
2,2388,70,144,97,138,122,140,98,156,98,144,98,145
2,2389,70,144,97,138,122,141,97,156,98,143,99,145
2,2390,70,145,98,139,122,142,99,154,98,144,99,145
2,2391,71,145,97,139,122,141,98,155,98,144,99,144
2,2392,73,145,98,139,122,142,99,153,98,145,99,144
2,2393,72,145,98,139,122,142,98,154,98,144,98,144
2,2394,74,144,98,140,122,143,98,155,98,145,99,145
2,2395,73,143,99,139,123,142,99,154,98,145,99,144
2,2396,74,145,99,138,123,143,99,156,98,145,99,145
2,2397,73,145,98,138,123,143,99,157,98,145,99,146
2,2398,72,144,98,139,122,143,99,154,99,144,99,144
2,2399,73,142,99,139,125,141,99,154,98,144,99,143
2,2400,72,143,99,138,124,142,99,153,98,143,99,143
2,2401,72,145,98,138,123,142,99,154,98,144,99,145
2,2402,72,144,99,139,122,142,99,154,98,145,99,144
2,2403,73,144,98,139,124,142,99,154,98,144,99,144
2,2404,73,144,99,138,124,141,99,153,98,144,99,143
2,2405,73,144,98,138,124,141,99,154,98,144,99,146
2,2406,72,145,98,139,123,142,98,154,98,144,98,144
2,2407,73,144,98,139,122,142,99,154,98,144,99,144
2,2408,72,144,98,138,123,142,99,153,98,144,99,144
2,2409,73,143,99,138,124,142,99,154,98,144,99,145
2,2410,74,144,98,139,124,141,100,154,99,145,100,144
2,2411,73,144,97,138,122,140,99,152,98,144,99,142
2,2413,73,145,98,138,124,142,99,155,98,143,99,145
2,2414,73,145,97,138,123,142,99,154,97,143,99,145
2,2415,72,145,97,139,122,141,99,154,97,144,99,145
2,2416,73,145,97,139,122,141,99,154,97,144,98,144
2,2417,72,145,97,138,122,143,98,154,98,144,98,144
2,2418,72,145,97,138,121,143,98,154,97,143,98,144
2,2419,72,145,97,138,121,144,98,153,98,144,99,143
2,2420,72,146,98,138,120,143,98,153,98,143,98,144
2,2421,72,146,97,138,120,143,98,153,97,144,98,143
2,2422,72,146,97,138,121,143,98,154,97,144,98,144
2,2423,73,146,97,138,120,143,98,153,98,144,99,143
2,2424,72,145,97,138,121,143,97,153,97,144,97,145
2,2425,72,145,97,138,120,143,98,152,97,144,98,144
2,2426,72,145,97,138,121,141,98,154,98,143,98,144
2,2427,73,145,97,138,122,142,98,153,97,144,98,144
2,2428,72,145,98,137,122,142,98,153,98,143,99,144
2,2429,72,145,97,137,123,141,99,154,98,143,99,144
2,2430,71,144,97,138,121,142,99,153,97,143,98,143
2,2431,72,145,97,137,120,142,99,153,97,144,98,143
2,2432,72,145,97,138,121,143,98,153,97,143,98,143
2,2433,73,145,98,138,120,144,98,152,97,143,98,143
2,2434,72,145,98,138,120,144,97,152,97,143,98,143
2,2445,73,144,98,139,123,143,99,158,98,144,98,146
2,2446,73,143,98,139,124,142,98,157,98,144,98,147
2,2447,73,144,98,138,123,143,98,157,98,144,99,147
2,2448,73,146,98,137,123,143,98,158,98,143,98,148
2,2471,71,145,97,137,123,143,98,158,98,143,98,147
2,2472,71,145,98,138,123,143,97,159,98,144,98,148
2,2473,72,145,97,136,123,142,98,156,97,143,98,145
2,2474,71,144,98,137,123,142,98,156,98,143,98,145
2,2475,71,146,97,137,122,144,98,155,98,143,98,144
2,2476,71,146,97,136,122,143,98,155,97,143,98,144
2,2515,71,145,97,137,122,142,98,153,98,143,98,143
2,2516,72,145,97,136,122,142,98,153,98,143,98,143
2,2517,70,144,98,137,123,142,97,154,98,143,98,144
2,2518,71,144,98,138,122,142,98,156,98,143,98,146
2,2519,71,144,98,138,122,142,98,156,98,143,98,146
2,2520,72,145,97,138,122,142,98,155,98,144,98,146
2,2521,71,145,98,138,121,142,98,154,98,144,98,144
2,2522,71,144,97,137,122,142,98,155,97,143,98,145
2,2523,71,144,97,138,123,142,98,154,98,143,98,144
2,2524,71,144,97,137,123,141,98,154,98,143,98,145
2,2525,70,144,98,137,123,141,98,155,98,143,98,145
2,2526,72,145,97,137,122,142,98,154,98,143,98,143
2,2527,72,145,98,138,121,142,98,154,98,144,98,144
2,2528,71,144,97,137,122,142,99,154,98,143,98,144
2,2529,70,144,97,137,123,142,98,154,98,143,98,145
2,2530,71,145,97,136,123,142,99,155,97,142,98,145
2,2531,70,144,98,137,124,141,99,154,98,143,99,144
2,2532,71,145,98,136,122,142,98,156,98,143,99,145
2,2533,70,143,98,137,123,141,98,155,99,143,98,145
2,2534,72,146,98,137,121,143,99,155,98,143,98,145
2,2535,71,146,98,137,121,142,99,154,98,143,98,143
2,2536,71,146,98,137,121,142,98,155,98,144,98,145
2,2537,69,144,97,138,122,141,98,156,98,144,98,145
2,2538,69,144,98,138,122,140,98,156,98,144,99,145
2,2539,70,145,97,138,122,141,98,157,98,143,98,145
2,2540,70,145,98,137,122,141,99,155,98,143,99,145
2,2541,69,145,97,136,124,141,98,157,98,142,98,146
2,2542,70,145,98,137,123,141,99,156,98,143,99,145
2,2543,71,144,98,137,124,141,99,153,98,143,99,143
2,2544,70,144,98,136,124,141,99,156,98,142,99,145
2,2545,70,144,98,139,124,141,99,157,98,144,98,146
2,2546,71,143,97,138,124,140,99,156,98,143,99,146
2,2547,71,144,98,139,123,140,99,154,98,144,99,144
2,2548,72,144,98,139,123,141,99,155,98,144,99,144
2,2549,73,144,98,138,123,142,99,154,99,144,99,143
2,2550,72,145,98,139,122,140,99,152,98,145,99,142
2,2551,73,145,98,138,123,141,100,155,99,144,99,144
2,2552,74,145,98,139,122,141,100,154,98,145,99,144
2,2553,72,143,98,138,124,140,100,153,98,144,100,142
2,2554,73,143,98,138,124,140,100,152,98,144,100,142
2,2555,73,144,98,137,124,140,99,154,98,143,99,142
2,2556,73,144,97,139,123,141,98,153,98,145,99,143
2,2557,73,144,99,139,123,142,100,152,98,144,99,142
2,2558,73,143,97,139,123,141,99,152,98,144,99,143
2,2559,71,144,98,138,124,140,100,152,98,143,100,142
2,2560,72,144,97,138,122,141,99,151,97,144,99,142
2,2561,70,144,97,138,123,141,99,152,98,144,99,141
2,2562,71,146,98,137,122,143,98,155,98,143,99,144
2,2563,71,144,97,139,122,141,98,156,98,144,98,145
2,2564,70,144,97,139,122,142,98,155,98,144,98,144
2,2565,70,143,98,138,122,141,98,154,98,144,99,143
2,2566,71,145,97,139,122,142,98,156,98,144,99,145
2,2567,71,144,98,138,122,142,98,155,98,144,99,144
2,2568,71,144,98,138,123,141,99,154,98,144,99,143
2,2569,70,144,98,138,122,141,99,153,98,144,99,143
2,2570,69,144,98,138,123,141,99,153,98,144,99,143
2,2571,69,144,97,139,123,141,98,155,98,144,98,145
2,2572,69,143,98,139,123,140,98,154,98,144,99,144
2,2573,70,144,97,139,122,141,99,153,98,145,99,143
2,2574,70,143,98,138,123,141,99,154,98,144,99,143
2,2591,72,145,97,138,123,143,98,156,98,143,98,146
2,2592,70,146,97,136,124,142,98,158,97,142,98,147
2,2593,71,145,97,136,124,141,99,157,98,142,98,148
2,2594,70,145,97,137,124,140,98,153,97,142,98,143
2,2595,70,144,97,137,125,141,99,152,97,142,99,143
2,2596,70,144,98,138,124,140,99,153,97,143,98,144
2,2597,70,144,97,136,125,141,98,155,98,142,98,144
2,2603,70,146,98,139,121,144,98,153,97,145,98,143
2,2604,72,146,97,138,122,144,97,155,97,144,98,145
2,2605,72,145,97,138,122,143,97,155,97,144,98,145
2,2606,71,145,98,138,122,143,98,155,98,144,98,144
2,2607,70,145,98,138,122,142,98,154,98,144,98,144
2,2608,71,146,97,138,122,143,97,153,97,144,97,144
2,2612,71,145,97,138,123,142,97,155,97,144,97,145
2,2613,69,146,98,136,123,145,97,159,97,143,97,147
2,2614,68,145,98,136,123,145,97,158,97,144,97,146
2,2615,70,145,98,138,122,145,97,155,97,143,97,144
2,2616,70,145,97,137,122,144,97,155,98,143,97,145
2,2617,70,145,97,138,122,143,98,154,97,144,98,144
2,2618,69,145,97,139,123,144,97,157,98,145,97,146
2,2619,69,144,97,138,122,142,97,155,97,144,97,145
2,2620,69,144,97,137,123,143,97,156,98,143,98,146
2,2629,69,145,97,137,122,143,97,154,97,143,97,143
2,2630,70,145,97,137,123,144,98,155,98,143,98,144
2,2631,69,145,97,137,123,143,98,156,98,143,98,145
2,2632,69,145,98,136,122,144,97,155,98,142,98,145
2,2633,69,146,97,137,123,144,97,157,98,142,97,146
2,2634,70,145,97,137,122,144,97,157,98,142,97,147
2,2635,71,145,97,137,121,144,97,154,98,142,98,143
2,2636,70,145,97,136,122,144,96,156,97,143,97,145
2,2637,71,145,97,137,122,144,97,155,97,143,97,144
2,2638,70,146,97,135,121,144,96,156,97,143,97,144
2,2639,68,146,98,137,124,143,98,157,97,143,98,146
2,2709,75,144,98,137,123,145,99,160,99,144,99,148
2,2710,74,144,99,137,123,144,99,159,99,144,98,147
2,2711,74,145,99,137,123,144,99,159,98,144,99,147
2,2712,73,146,98,137,123,144,99,159,98,144,99,147
2,2713,74,145,98,137,124,143,99,159,99,144,99,148
2,2714,74,144,99,137,123,144,98,159,99,144,98,148
2,2715,72,144,98,137,124,142,99,156,98,144,99,146
2,2716,73,145,98,137,123,143,99,156,99,144,99,146
2,2717,73,145,98,138,122,142,98,154,98,144,99,145
2,2718,72,146,98,138,123,142,99,157,98,144,99,146
2,2719,72,145,98,137,123,142,99,156,98,144,99,146
2,2720,71,146,98,136,123,142,99,154,98,142,99,144
2,2721,69,144,98,136,123,141,99,154,98,143,99,144
2,2722,73,145,97,138,124,142,99,158,98,144,99,147
2,2723,71,145,98,137,124,141,99,156,98,143,98,145
2,2724,71,145,97,137,123,142,98,156,97,143,98,145
2,2725,71,144,97,137,123,141,98,156,97,143,98,145
2,2726,72,145,99,136,124,144,99,160,98,143,99,148
2,2727,72,146,98,135,124,144,98,160,98,142,98,148
2,2728,69,147,97,134,124,142,98,159,98,141,97,148
2,2729,71,147,97,135,126,143,98,161,97,141,98,149
2,2730,70,146,98,136,123,142,98,158,98,143,98,147
2,2731,69,145,97,135,124,141,98,158,97,142,98,147
2,2732,69,145,98,136,124,141,98,158,98,142,98,147
2,2733,68,145,98,135,125,142,98,159,98,142,98,147
2,2734,69,149,96,135,125,143,98,159,97,142,98,148
2,2735,69,150,97,134,126,144,97,162,96,142,97,151
2,2736,69,150,97,134,125,144,97,162,97,142,97,151
2,2737,71,147,97,135,125,142,98,158,97,141,98,148
2,2738,69,147,97,135,124,143,98,158,97,141,97,148
2,2739,72,149,96,136,125,144,98,156,96,141,98,146
2,2740,70,150,96,134,127,146,97,160,97,141,96,150
2,2741,69,152,97,133,126,147,96,163,97,140,96,152
2,2742,68,151,97,133,126,146,97,162,97,141,96,151
2,2743,67,152,96,133,127,145,97,165,97,141,97,153
2,2744,66,150,97,133,126,143,97,164,97,140,97,153
2,2745,67,148,97,133,127,142,97,161,97,140,97,150
2,2746,67,149,96,134,126,142,98,160,97,141,97,150
2,2747,69,147,97,134,125,142,98,161,97,141,98,150
2,2748,68,149,96,135,126,143,98,161,97,141,97,151
2,2749,69,150,97,135,126,144,98,161,97,141,98,151
2,2750,69,150,97,134,125,145,98,161,97,142,97,150
2,2751,68,150,96,134,127,145,97,165,96,140,96,154
2,2752,65,149,96,133,130,143,97,166,96,139,97,153
2,2753,63,150,97,131,132,145,97,168,97,139,97,155
2,2754,63,149,97,132,130,144,97,165,97,140,97,152
2,2755,63,150,97,131,130,144,97,168,97,139,97,154
2,2756,64,149,97,132,131,144,97,164,97,139,97,152
2,2757,62,146,97,132,130,143,97,164,97,139,97,152
2,2758,63,147,98,129,134,144,96,167,97,137,96,152
2,2759,64,148,97,130,135,144,97,166,97,138,96,151
2,2760,63,148,97,132,130,144,96,168,98,139,96,156
2,2761,68,139,98,134,132,140,97,160,98,140,98,150
2,2762,64,147,97,129,135,142,98,157,97,138,97,145
2,2763,63,148,98,130,134,143,97,160,97,138,97,147
2,2764,71,140,98,136,128,141,98,158,99,142,98,148
2,2778,74,144,98,136,123,144,98,159,98,142,98,148
2,2779,74,143,98,135,125,144,97,160,98,142,98,150
2,2780,74,144,97,137,124,143,98,158,98,142,98,148
2,2781,69,143,97,135,127,141,98,157,97,140,97,146
2,2782,73,144,98,136,125,143,98,159,98,142,98,149
2,2783,69,143,98,134,127,139,98,156,98,140,98,145
2,2784,68,143,97,134,128,140,98,155,97,141,98,145
2,2785,67,154,97,132,129,146,97,165,96,140,96,154
2,2786,67,152,96,132,130,146,97,166,96,140,97,154
2,2787,67,152,97,132,129,146,97,164,96,140,96,152
2,2788,68,150,97,133,128,143,98,163,96,140,97,152
2,2789,67,149,96,134,126,143,97,160,96,141,97,149
2,2790,69,151,96,134,126,145,97,160,97,142,97,149
2,2791,69,150,97,134,126,144,98,160,96,141,97,149
2,2792,69,150,96,135,127,145,97,160,97,141,96,150
2,2793,69,150,96,135,126,145,97,159,97,142,97,149
2,2794,69,151,96,134,127,145,97,163,96,142,96,151
2,2795,69,151,96,134,128,145,97,163,96,142,96,151
2,2796,69,150,96,135,126,143,98,160,96,142,97,148
2,2797,68,150,96,134,127,143,98,161,96,142,98,150
2,2798,69,150,96,135,126,143,99,158,97,142,98,147
2,2799,69,151,95,135,126,144,98,159,96,143,98,148
2,2800,69,151,96,134,126,144,98,160,96,142,97,148
2,2801,69,146,97,135,125,141,97,158,96,142,97,147
2,2821,68,152,97,133,127,146,97,169,96,141,96,156
2,2822,68,149,97,133,126,144,97,164,97,140,97,151
2,2823,68,147,96,134,126,141,97,161,97,141,97,149
2,2824,70,145,97,135,123,142,98,158,98,143,98,146
2,2825,69,147,97,133,125,143,98,161,98,141,97,149
2,2826,69,147,97,133,124,143,97,161,98,141,97,149
2,2827,69,149,97,134,124,143,98,162,97,141,97,149
2,2828,69,145,98,135,124,141,98,158,98,142,98,147
2,2829,69,146,97,134,124,143,97,161,98,142,97,148
2,2830,69,149,97,133,125,142,98,161,97,141,98,150
2,2831,70,146,96,135,122,141,99,155,97,142,99,144
2,2832,70,145,97,134,124,141,99,156,97,142,98,144
2,2833,70,145,97,135,124,140,98,155,98,142,98,144
2,2834,70,146,97,134,125,141,98,158,98,141,98,146
2,2846,69,149,97,134,125,143,98,161,97,140,97,150
2,2847,68,150,96,133,127,144,97,164,97,140,96,153
2,2848,70,151,96,134,126,145,97,163,97,141,96,152
2,2849,70,150,96,134,125,145,97,160,97,140,96,149
2,2850,68,148,97,132,126,143,98,161,97,140,97,150
2,2851,70,151,96,133,126,146,97,165,96,141,96,153
2,2852,69,150,97,133,128,145,96,166,96,140,96,154
2,2853,68,148,97,133,127,144,96,164,97,140,97,153
2,2854,68,151,96,133,128,145,97,168,97,141,96,156
2,2855,69,151,96,133,127,145,96,168,97,140,96,155
2,2856,68,149,96,133,126,143,97,164,97,140,97,153
2,2857,69,149,97,133,127,143,97,164,96,140,96,153
2,2858,70,148,96,134,127,143,99,158,97,142,98,148
2,2859,69,149,96,134,127,143,98,158,97,141,98,147
2,2860,70,149,96,133,126,143,98,161,97,142,97,150
2,2861,70,149,96,133,126,143,98,161,97,142,97,150
2,2880,68,145,98,135,124,141,99,157,97,143,99,145
2,2881,69,145,97,135,125,141,98,157,97,142,97,146
2,2882,69,146,97,135,124,142,98,157,97,142,98,146
2,2883,68,146,97,134,125,141,98,159,97,142,98,148
2,2884,68,146,97,135,124,142,98,158,97,142,97,146
2,2894,68,147,98,133,126,144,96,167,97,141,97,153
2,2895,69,146,97,134,125,144,97,165,98,141,98,151
2,2896,70,147,97,133,125,143,97,163,97,141,97,151
2,2897,70,148,97,133,125,144,97,163,97,141,97,150
2,2898,69,146,97,133,125,143,98,162,98,141,97,149
2,2899,69,146,98,135,124,144,98,161,98,142,98,149
2,2900,71,150,96,133,126,143,99,158,97,140,98,147
2,2901,70,149,97,132,126,143,98,159,97,141,98,147
2,2902,71,146,97,133,127,141,98,157,98,141,98,145
2,2903,69,145,97,134,125,142,97,161,97,141,97,149
2,2904,70,147,97,134,126,142,97,163,97,141,97,149
2,2905,70,146,97,135,125,141,98,159,97,141,97,149
2,2906,71,146,98,135,125,142,98,160,98,142,98,149
2,2907,70,146,97,135,125,141,98,157,98,142,98,146
2,2908,71,145,97,136,124,141,98,157,97,142,98,147
2,2909,70,145,97,136,125,141,99,156,98,142,99,145
2,2910,71,146,97,135,124,141,99,156,97,141,99,145
2,2927,71,143,97,136,125,141,98,153,98,142,98,143
2,2928,69,146,97,134,127,143,98,164,98,140,98,153
2,2929,70,144,97,135,125,141,98,160,97,142,97,148
2,2930,68,146,97,134,127,143,97,164,98,142,98,152
2,2931,68,146,98,134,125,143,98,163,98,142,97,150
2,2932,69,145,97,135,126,142,98,161,98,143,97,148
2,2933,69,145,98,135,126,142,98,161,98,143,97,148
2,2934,70,145,97,137,123,141,98,155,98,143,98,145
2,2935,70,144,98,136,124,141,97,157,98,142,98,146
2,2936,69,143,98,137,125,140,98,156,98,143,98,144
2,2937,69,144,98,137,124,140,98,155,97,143,98,145
2,2938,69,143,98,137,124,141,98,156,97,143,98,145
2,2939,71,145,98,136,123,142,98,157,98,143,97,146
2,2940,71,145,97,136,124,142,98,157,97,142,98,146
2,2941,70,145,98,136,123,142,99,157,98,143,98,146
2,2942,70,146,97,136,122,143,98,156,97,143,98,146
2,3003,66,144,97,135,127,139,98,153,97,142,97,143
2,3004,66,143,96,135,126,139,97,152,96,142,97,143
2,3005,68,143,96,136,126,139,98,153,96,142,98,143
2,3006,68,143,96,136,126,139,97,153,96,142,98,143
2,3007,68,144,96,136,126,139,97,152,96,141,98,143
2,3008,68,143,96,135,127,139,97,153,96,142,97,143
2,3009,66,143,96,136,127,140,97,155,96,142,98,144
2,3010,67,143,97,136,126,140,98,153,97,142,97,142
2,3011,67,143,96,136,128,140,97,154,96,142,97,143
2,3012,67,143,97,136,127,139,97,153,97,142,97,142
2,3013,68,143,97,137,127,139,98,152,97,142,97,143
2,3014,68,143,96,137,128,139,98,153,96,142,98,143
2,3015,67,143,97,136,127,140,98,156,97,143,97,145
2,3016,68,143,96,136,126,139,98,156,97,143,97,145
2,3017,67,142,97,136,126,139,97,156,97,142,97,145
2,3018,67,143,96,136,126,141,97,154,96,142,97,144
2,3019,67,143,97,137,126,139,98,155,97,143,97,145
2,3020,67,143,97,136,126,140,97,155,97,143,97,144
2,3021,67,143,97,137,126,140,97,155,97,143,97,144
2,3022,67,142,97,137,127,139,97,155,97,143,97,145
2,3023,67,143,97,137,127,139,97,155,97,143,97,144
2,3024,68,143,97,136,125,141,98,155,97,143,98,144
2,3025,69,144,97,136,125,141,98,155,97,143,98,143
2,3026,68,144,97,137,125,140,97,157,97,143,98,146
2,3027,68,143,97,137,125,141,97,157,97,143,97,146
2,3028,69,144,97,137,125,140,98,156,97,143,99,145
2,3029,70,145,97,137,124,140,99,156,97,142,98,145
2,3030,71,145,97,137,122,140,99,153,97,142,98,143
2,3031,70,145,96,136,122,140,98,153,97,142,99,143
2,3032,71,144,96,137,123,140,98,153,97,143,98,143
2,3033,70,143,97,135,124,139,99,153,98,141,99,142
2,3034,70,144,97,136,124,140,99,153,98,142,99,142
2,3035,71,144,97,135,124,140,100,153,98,142,99,142
2,3036,71,144,97,136,125,139,100,153,98,142,99,142
2,3037,71,145,97,136,124,140,99,153,97,142,99,143
2,3038,71,145,97,136,125,140,99,153,97,142,99,143
2,3039,71,143,97,136,126,139,99,154,97,142,99,143
2,3040,71,144,97,136,126,140,99,154,98,142,98,144
2,3041,69,143,97,136,127,141,98,156,98,141,98,146
2,3042,69,143,97,135,127,140,99,156,98,141,98,146
2,3043,68,142,97,135,129,139,98,157,98,140,98,147
2,3044,68,142,97,135,128,140,98,157,97,141,98,147
2,3045,68,144,97,136,127,140,98,156,98,141,98,146
2,3104,70,145,97,136,124,140,98,157,97,143,98,145
2,3105,69,143,97,137,125,140,97,157,97,142,97,145
2,3106,68,142,96,137,125,139,98,156,97,143,98,144
2,3107,69,144,97,136,125,140,98,157,97,143,97,145
2,3108,69,143,97,136,124,140,98,157,97,143,98,145
2,3109,69,143,97,136,126,141,99,157,98,143,98,145
2,3110,70,145,97,136,126,141,99,158,97,142,98,146
2,3111,70,143,97,136,126,141,98,156,97,143,98,144
2,3112,69,144,97,136,125,141,98,157,98,142,98,145
2,3113,69,143,97,136,125,140,98,156,97,143,97,145
2,3114,69,144,96,136,125,139,98,157,97,142,98,145
2,3115,69,144,96,136,126,140,99,158,97,142,98,146
2,3116,69,143,97,136,126,139,98,157,97,142,98,146
2,3117,68,143,97,135,126,139,99,157,98,142,98,146
2,3118,69,144,97,135,126,140,98,158,97,141,97,146
2,3119,69,144,97,136,126,140,98,157,97,143,98,146
2,3120,68,143,97,136,126,139,99,157,98,143,98,146
2,3121,70,144,97,136,125,139,98,156,97,142,98,145
2,3122,69,143,97,136,125,140,99,156,97,142,99,145
2,3123,68,143,96,136,127,139,98,157,97,142,98,146
2,3124,69,143,97,136,125,139,98,156,97,143,98,145
2,3125,68,144,97,136,126,139,98,157,98,142,98,147
2,3126,68,142,97,135,126,139,99,157,98,142,98,146
2,3127,68,142,98,135,126,139,99,157,98,142,98,146
2,3128,68,144,97,137,126,140,98,157,97,142,98,146
2,3129,69,144,97,136,126,140,98,158,97,142,98,147
2,3130,69,143,96,137,124,139,97,154,97,143,98,143
2,3131,69,143,96,138,124,140,98,154,97,143,98,143
2,3132,69,143,96,137,125,140,98,154,96,143,97,144
2,3133,68,144,96,137,125,139,98,155,97,143,98,145
2,3134,69,143,97,136,126,140,98,156,97,142,98,146
2,3135,68,143,97,136,126,139,98,158,98,143,98,146
2,3136,69,144,97,136,125,140,98,157,97,142,98,146
2,3137,69,143,97,136,125,141,98,157,98,142,98,146
2,3138,68,143,97,137,125,140,98,158,98,142,98,147
2,3139,68,143,97,136,126,139,98,156,97,142,98,146
2,3140,69,142,98,136,125,140,99,157,98,143,98,145
2,3141,68,142,97,136,126,139,99,155,98,142,98,144
2,3142,69,143,97,136,126,140,99,157,98,142,98,146
2,3143,68,142,97,136,125,139,98,157,97,143,97,146
2,3144,68,143,97,136,125,140,98,157,97,143,98,146
2,3145,68,143,97,136,126,139,98,157,97,142,98,146
2,3146,68,143,97,136,126,139,98,156,97,142,98,145
2,3147,68,143,97,136,126,140,99,156,97,142,98,145
2,3148,68,142,97,136,126,138,99,157,98,142,98,145
2,3149,68,144,97,136,126,139,98,159,98,143,98,147
2,3150,68,143,97,136,126,139,98,157,98,142,98,146
2,3251,70,144,97,136,124,141,98,156,97,142,97,145
2,3252,69,144,97,136,125,140,98,156,97,143,98,145
2,3253,70,144,96,136,125,140,98,156,97,143,98,145
2,3254,70,144,97,136,123,141,97,156,97,142,98,145
2,3255,70,144,97,136,124,142,98,156,97,143,98,144
2,3256,70,144,97,136,124,141,98,156,97,142,97,145
2,3257,69,144,97,136,125,142,98,157,97,143,97,145
2,3258,70,144,97,136,124,141,98,156,97,142,98,145
2,3259,69,144,97,136,124,141,97,156,97,142,98,146
2,3260,69,144,97,136,124,141,98,156,97,143,97,145
2,3261,70,144,97,136,125,139,98,156,97,142,98,145
2,3262,69,144,97,136,124,141,98,158,97,143,97,146
2,3263,69,145,97,136,125,140,98,157,97,143,97,146
2,3264,71,144,97,136,123,141,98,156,97,143,97,145
2,3265,71,144,96,137,123,141,98,156,97,143,98,145
2,3266,70,144,96,136,125,140,98,158,97,142,98,146
2,3267,69,144,96,136,125,140,98,156,97,143,98,145
2,3268,69,144,96,136,126,139,98,158,97,142,98,146
2,3269,69,144,96,136,125,141,98,156,96,142,98,145
2,3270,70,144,96,136,125,141,98,155,97,143,98,145
2,3271,70,145,96,136,124,141,97,157,96,142,97,146
2,3272,70,145,96,136,123,141,98,156,96,143,97,145
2,3273,69,144,97,136,126,140,99,157,97,143,98,145
2,3274,68,144,97,136,126,140,98,158,97,143,98,147
2,3275,70,145,97,137,125,140,99,155,97,143,98,145
2,3276,70,144,97,137,125,140,98,156,97,143,98,145
2,3277,70,144,96,136,125,139,99,154,97,143,99,143
2,3278,70,144,96,137,125,140,98,154,97,142,98,143
2,3279,69,143,96,138,125,139,98,153,96,144,98,143
2,3280,70,143,96,138,124,138,98,154,96,144,97,144
2,3281,71,143,97,138,124,139,98,152,97,144,98,142
2,3282,71,144,97,137,123,139,98,152,98,143,98,142
2,3283,71,143,96,138,123,138,98,152,96,143,98,142
2,3284,70,143,97,138,124,138,98,152,97,142,98,143
2,3285,70,143,97,138,124,138,99,152,97,142,98,143
2,3286,70,143,96,137,125,138,98,154,97,142,98,144
2,3287,70,143,96,137,125,138,99,153,97,142,98,143
2,3288,70,143,97,137,125,138,99,151,97,142,99,142
2,3289,70,143,97,137,124,138,99,151,97,142,99,141
2,3290,71,142,96,138,124,138,98,152,97,142,98,143
2,3291,70,142,97,137,124,138,99,154,97,143,98,143
2,3292,69,143,97,137,124,138,98,153,97,142,99,142
2,3293,70,142,96,137,125,138,99,152,97,143,98,141
2,3294,69,142,97,138,124,137,98,152,97,143,98,143
2,3295,69,142,97,138,125,138,97,154,96,143,98,144
2,3296,69,141,97,137,127,137,99,153,98,143,99,142
2,3297,69,141,97,136,127,139,98,153,97,143,98,142
2,3298,69,141,97,138,127,137,98,152,97,143,98,143
2,3299,68,140,97,139,125,137,98,151,97,143,98,142
2,3300,68,141,97,138,126,137,99,152,97,143,99,143
2,3301,67,140,96,137,126,136,99,152,96,142,98,142
2,3302,67,140,96,137,126,136,99,152,96,142,98,142
2,3303,67,142,96,136,126,137,98,153,97,142,99,142
2,3304,68,142,96,136,126,137,99,152,96,142,98,142
2,3305,69,141,96,138,126,138,98,152,97,142,98,143
2,3306,68,141,96,137,126,136,99,151,97,142,98,142
2,3307,67,140,96,138,127,136,98,152,96,142,98,143
2,3308,67,141,97,137,126,136,98,152,97,142,98,142
2,3309,67,140,97,138,125,136,99,151,97,142,99,141
2,3310,67,140,97,138,126,136,98,152,97,143,99,143
2,3311,66,140,96,137,127,136,99,151,97,142,98,142
2,3312,67,140,96,138,127,135,99,150,96,142,98,141
2,3313,66,141,96,137,126,136,99,151,97,142,98,142
2,3314,67,141,96,137,127,136,98,151,97,142,98,142
2,3315,68,141,97,138,125,136,99,151,97,143,98,141
2,3316,68,141,97,138,126,137,99,151,97,142,99,142
2,3317,67,140,96,138,126,136,99,150,97,142,98,141
2,3318,68,141,96,138,126,136,99,151,97,143,98,142
2,3333,69,143,96,137,125,139,97,151,96,142,97,142
2,3334,69,143,96,136,124,139,98,152,97,142,97,142
2,3335,72,145,97,137,125,142,98,156,98,143,98,145
2,3336,72,144,97,137,125,141,98,155,98,143,98,145
2,3337,72,145,97,136,124,142,98,155,97,143,98,144
2,3338,73,145,97,137,124,141,98,154,97,143,98,144
2,3339,72,145,97,136,125,141,98,154,97,143,98,143
2,3340,73,145,97,137,125,141,98,155,97,143,98,143
2,3341,71,145,97,136,125,139,98,154,97,142,98,144
2,3342,70,144,97,136,126,139,99,153,98,142,99,144
2,3343,68,145,96,135,125,140,99,153,97,142,98,142
2,3344,68,145,97,136,124,140,99,152,97,142,98,142
2,3408,67,145,97,137,124,139,100,152,98,142,99,142
2,3409,68,145,97,135,124,139,99,152,97,141,99,141
2,3410,67,145,97,134,124,140,98,153,97,140,99,143
2,3411,68,145,97,135,125,140,99,154,97,140,98,143
2,3412,69,146,96,135,124,140,99,153,97,141,99,141
2,3413,69,143,97,137,125,137,100,151,97,143,99,141
2,3414,69,143,97,138,125,137,99,153,97,142,98,143
2,3415,68,143,97,138,124,138,99,154,97,142,98,143
2,3416,67,143,97,137,125,138,98,155,97,142,98,145
2,3417,69,143,96,136,127,138,99,155,97,142,99,144
2,3418,68,142,96,136,126,138,98,154,97,142,98,143
2,3419,68,142,97,136,126,139,98,154,97,142,98,144
2,3420,68,142,97,136,126,138,98,154,97,142,98,144
2,3421,68,142,97,136,125,138,98,155,97,142,98,144
2,3422,68,142,97,138,125,139,98,153,97,143,99,143
2,3423,69,142,97,137,125,139,98,154,97,143,99,143
2,3424,68,143,96,136,125,139,98,154,97,142,98,144
2,3425,68,142,96,137,125,138,98,152,97,143,97,143
2,3426,67,143,96,137,126,139,98,154,97,143,98,143
2,3427,68,143,96,137,125,139,98,153,97,143,98,143
2,3428,68,142,96,137,125,138,99,153,97,142,98,142
2,3429,68,143,96,137,125,138,99,153,97,142,98,142
2,3430,69,144,96,137,123,139,98,153,96,143,98,142
2,3431,69,142,97,137,124,139,98,153,97,143,98,143
2,3432,69,143,96,137,124,139,98,151,96,142,98,142
2,3433,70,143,96,138,125,138,98,151,96,143,98,142
2,3434,69,143,96,136,126,138,99,151,97,142,98,141
2,3435,69,143,96,136,126,138,98,151,96,142,98,141
2,3436,69,143,96,136,126,138,98,152,96,142,98,142
2,3437,69,145,97,135,123,138,100,152,97,142,99,141
2,3438,68,144,97,135,124,138,100,152,98,142,99,141
2,3439,67,144,97,134,126,138,99,153,97,140,99,142
2,3440,67,144,96,135,126,139,100,152,97,141,99,142
2,3441,68,144,97,135,126,139,98,155,98,141,98,144
2,3442,67,143,97,136,125,138,99,152,97,142,99,141
2,3443,68,144,97,136,124,138,99,151,97,141,99,142
2,3444,68,143,96,137,126,138,99,152,98,142,98,142
2,3445,69,143,97,136,126,138,99,150,97,142,99,141
2,3446,68,143,97,135,126,137,98,151,97,142,98,141
2,3447,66,144,97,135,125,137,100,153,97,141,99,141
2,3448,67,143,97,135,125,138,100,153,97,142,99,142
2,3449,67,143,96,137,125,138,99,153,97,142,99,142
2,3450,68,144,96,136,126,137,100,152,97,142,100,142
2,3451,68,144,97,136,125,138,100,152,97,142,99,142
2,3452,67,143,96,137,125,138,99,153,97,142,98,143
2,3634,69,143,97,136,126,137,99,153,97,141,99,142
2,3635,68,142,97,136,126,136,99,153,98,141,99,143
2,3636,69,142,97,136,126,136,99,154,97,141,99,143
2,3637,69,144,97,135,126,138,99,152,97,141,99,141
2,3638,69,143,97,136,126,138,99,150,97,141,99,140
2,3639,69,142,97,135,127,137,99,151,97,141,99,140
2,3640,69,142,97,137,126,137,99,151,98,141,99,141
2,3641,70,142,97,137,126,137,99,152,97,142,99,142
2,3642,70,143,97,136,125,137,99,150,97,141,99,139
2,3643,69,142,96,136,127,136,99,150,97,142,99,139
2,3644,69,142,97,135,127,136,100,149,97,142,99,138
2,3645,69,142,96,136,126,136,99,151,97,142,99,140
2,3646,68,142,96,136,127,136,100,151,97,141,99,140
2,3647,69,142,97,137,128,137,99,155,97,142,99,144
2,3648,70,143,96,137,127,137,99,153,97,143,99,142
2,3649,69,143,96,137,127,137,99,152,97,142,99,142
2,3650,70,143,96,137,126,137,99,153,97,142,98,143
2,3651,70,143,96,137,127,137,100,153,97,142,99,142
2,3652,70,142,96,137,126,138,99,153,97,142,99,142
2,3653,70,143,96,137,126,138,99,152,97,143,98,142
2,3654,70,143,96,137,126,138,99,153,97,142,98,143
2,3655,70,143,96,137,126,138,99,153,97,143,98,143
2,3656,69,142,96,136,128,138,99,153,97,142,99,142
2,3657,70,142,96,137,127,137,99,152,97,142,99,141
2,3658,70,142,97,138,127,138,100,152,97,143,99,142
2,3659,70,143,96,137,126,138,99,152,97,143,99,142
2,3660,70,143,96,137,127,137,99,153,96,143,99,143
2,3661,70,143,96,137,127,138,99,153,97,143,99,142
2,3662,71,142,96,138,126,137,100,151,97,143,99,141
2,3663,70,141,97,137,127,137,100,151,97,142,99,141
2,3664,70,143,96,136,125,138,100,149,97,142,99,138
2,3665,71,143,96,137,125,138,100,149,97,143,99,139
2,3666,70,143,96,136,125,138,100,150,97,143,99,140
2,3667,70,143,96,137,126,138,99,152,97,142,99,142
2,3668,69,142,96,137,126,137,99,152,97,143,99,142
2,3669,69,142,96,138,128,137,98,154,97,143,98,144
2,3670,69,142,96,138,128,138,98,155,97,143,98,145
2,3671,67,141,96,136,129,137,98,154,97,141,98,145
2,3672,67,141,97,137,129,136,99,153,97,142,99,143
2,3673,65,141,97,136,129,137,99,155,98,140,98,145
2,3674,66,141,97,136,128,137,98,154,97,140,98,144
2,3675,65,141,97,136,130,137,98,155,97,140,98,145
2,3676,66,140,97,136,130,137,98,155,98,140,98,144
2,3704,66,142,96,136,127,137,98,152,97,141,98,142
2,3705,67,142,96,135,127,137,98,151,97,141,98,141
2,3706,67,143,96,135,126,138,98,152,97,141,98,142
2,3707,65,141,96,134,128,138,98,155,97,141,98,144
2,3708,65,142,96,135,127,138,97,154,97,141,97,143
2,3709,67,143,96,135,128,140,98,156,97,141,98,144
2,3710,66,144,96,135,127,140,97,157,97,141,97,145
2,3711,68,144,96,136,127,139,97,158,96,142,98,146
2,3712,68,143,96,137,128,139,98,157,97,143,97,146
2,3713,67,143,96,136,126,136,99,152,97,142,98,142
2,3714,67,143,96,136,126,137,100,152,97,141,99,142
2,3715,70,143,95,136,126,138,98,153,96,142,98,143
2,3716,68,143,96,136,125,137,97,156,97,142,97,144
2,3717,69,143,96,136,125,137,98,156,97,142,97,144
2,3718,69,144,96,135,127,138,97,156,96,141,97,146
2,3728,71,144,97,137,125,139,99,154,97,142,98,145
2,3729,69,143,97,136,125,138,98,154,97,142,99,145
2,3730,72,144,96,138,124,139,99,154,97,142,98,144
2,3731,72,143,97,137,125,139,99,152,97,142,98,143
2,3732,71,143,97,137,125,138,98,154,97,142,99,144
2,3733,69,143,97,136,125,138,98,154,97,142,98,144
2,3734,69,143,97,136,126,137,99,154,97,142,98,144
2,3735,70,143,97,137,125,138,99,154,97,142,98,144
2,3736,70,143,97,137,125,138,98,154,97,142,98,144
2,3737,71,144,97,137,125,138,98,153,97,142,99,143
2,3738,71,144,97,136,126,138,99,154,97,142,98,144
2,3739,70,144,97,135,126,139,98,156,97,141,98,147
2,3740,70,143,97,136,126,139,99,155,97,142,99,144
2,3754,68,143,98,135,126,137,101,152,98,142,100,140
2,3755,68,143,98,135,126,138,100,152,97,141,100,140
2,3756,70,143,98,136,126,138,100,153,98,142,100,141
2,3757,69,143,97,136,125,139,100,152,98,142,100,141
2,3758,69,143,97,137,124,137,100,150,97,142,100,140
2,3759,69,143,97,137,124,137,101,150,98,142,100,140
2,3817,69,143,96,136,126,138,98,153,96,142,98,143
2,3818,70,142,97,137,126,138,98,153,97,142,98,143
2,3819,69,143,97,136,125,138,98,153,97,142,98,142
2,3820,69,143,96,137,126,138,99,155,97,142,97,144
2,3821,69,144,96,137,125,139,97,156,97,143,97,145
2,3822,70,144,96,136,124,139,98,154,96,142,97,143
2,3823,70,144,97,137,124,139,97,154,97,142,98,143
2,3824,71,144,96,137,124,140,98,153,97,142,97,143
2,3825,71,144,96,137,124,139,98,154,97,142,98,143
2,3826,70,144,96,136,124,138,98,153,97,142,98,143
2,3827,69,144,96,136,124,138,99,154,97,141,98,143
2,3828,69,143,97,137,126,137,98,154,97,142,98,143
2,3829,69,143,96,137,125,137,99,154,97,142,99,143
2,3830,69,143,97,137,125,138,98,153,97,142,99,143
2,3831,69,142,96,137,125,137,98,153,97,142,99,142
2,3832,69,143,97,137,125,137,99,153,97,142,98,142
2,3833,69,143,96,137,126,138,98,155,96,142,98,144
2,3834,69,143,97,136,126,138,99,154,97,142,98,143
2,3835,70,143,96,137,125,138,99,153,97,142,98,143
2,3836,70,143,97,137,124,138,98,151,97,143,98,142
2,3837,70,143,96,138,124,138,99,153,97,142,98,143
2,3844,69,143,97,137,125,138,100,152,97,142,99,142
2,3845,68,143,97,137,124,138,99,153,97,142,98,142
2,3846,69,144,97,137,124,138,99,154,97,142,98,142
2,3847,69,143,97,136,125,138,100,151,97,142,99,141
2,3848,68,143,97,137,124,138,100,151,97,143,99,140
2,3849,68,144,96,137,124,138,100,152,97,142,99,141
2,3850,67,143,96,137,124,138,99,151,97,143,99,141
2,3851,68,143,96,137,124,138,99,151,97,142,99,141
2,3852,68,143,96,137,125,137,99,151,97,142,99,141
2,3853,68,143,96,137,125,137,99,151,97,142,99,142
2,3854,69,144,96,136,124,139,99,151,97,142,99,140
2,3856,70,143,96,138,126,139,99,153,97,143,98,143
2,3857,68,143,96,137,126,138,99,154,97,142,98,143
2,3858,70,144,96,136,127,139,98,154,97,142,98,144
2,3859,68,142,96,136,126,138,99,154,97,142,98,144
2,3860,69,143,96,137,127,138,98,154,97,142,98,145
2,3861,69,143,96,137,127,138,99,155,97,142,97,145
2,3862,69,143,96,137,127,138,98,155,97,142,98,145
2,3863,69,143,96,137,126,138,99,154,97,142,98,143
2,3864,68,143,97,137,127,139,98,155,97,142,98,144
2,3865,69,143,97,135,127,139,99,155,97,142,98,144
2,3866,69,144,97,136,127,140,99,156,97,142,98,145
2,3867,69,143,97,135,126,139,98,157,97,142,98,146
2,3868,70,144,97,136,125,139,98,156,97,141,98,146
2,3869,70,144,96,137,126,139,99,154,97,143,98,144
2,3870,69,143,96,137,126,139,99,153,97,143,98,143
2,3871,70,144,96,136,126,139,99,153,97,142,98,144
2,3872,69,143,97,135,126,139,99,154,97,142,98,144
2,3883,70,144,97,136,126,140,98,156,97,142,98,145
2,3884,69,145,96,135,126,140,99,157,97,142,98,145
2,3885,69,143,97,135,126,140,98,157,98,141,98,146
2,3886,69,144,96,135,127,139,98,157,97,142,98,146
2,3887,70,144,97,135,126,140,98,157,97,142,98,146
2,3888,70,143,97,135,125,140,99,156,98,142,99,145
2,3889,69,144,97,135,126,140,98,156,97,141,99,145
2,3890,69,143,97,135,126,139,99,154,97,141,98,144
2,3891,69,143,97,135,126,139,98,156,97,142,98,145
2,3892,71,145,96,135,126,140,99,157,97,141,98,146
2,3893,70,144,97,135,126,140,99,157,97,141,98,146
2,3894,70,144,97,136,126,140,98,156,97,142,98,146
2,3895,70,144,96,136,126,139,98,155,97,142,98,145
2,3896,70,143,96,137,126,139,98,156,97,142,98,145
2,3897,70,144,96,136,126,140,98,156,97,142,98,145
2,3898,70,144,96,136,126,140,98,156,97,142,98,145
2,3899,70,144,96,136,126,140,98,156,97,142,98,145
2,3900,69,144,97,135,126,140,98,158,97,142,98,145
2,3901,69,144,97,136,126,139,99,154,97,143,98,143
2,3941,68,144,96,136,125,140,97,155,96,143,97,144
2,3942,68,144,95,136,125,139,97,155,96,142,97,145
2,3943,68,143,96,137,125,138,98,152,97,142,97,143
2,3944,68,144,96,137,126,138,98,152,96,142,97,143
2,3945,69,144,96,137,125,139,98,153,96,143,98,144
2,3946,70,144,95,137,124,140,98,153,96,143,97,143
2,3947,68,144,96,137,126,140,98,155,97,142,97,144
2,3948,68,144,96,137,127,140,98,154,97,142,97,143
2,3949,69,145,96,136,125,140,97,154,96,142,97,144
2,3950,68,144,96,137,126,139,98,153,97,142,98,143
2,3951,69,144,96,137,126,140,99,152,96,142,98,142
2,3952,70,143,96,136,126,139,98,154,96,142,98,144
2,3953,69,143,96,136,126,139,98,153,96,142,98,143
2,3954,69,143,96,136,126,140,97,155,97,142,97,145
2,3955,69,143,97,135,127,140,98,155,97,141,98,145
2,3956,69,143,97,134,126,140,98,154,98,141,98,143
2,3957,69,143,97,134,126,140,98,154,97,141,98,143
2,3958,69,143,97,134,127,140,98,154,97,141,98,143
2,3959,69,143,97,134,126,139,98,154,97,141,97,143
2,3960,69,144,96,134,127,140,99,155,97,141,98,144
2,3961,69,143,97,134,127,139,98,155,97,140,98,144
2,3962,69,144,97,135,126,140,98,154,97,142,98,144
2,3963,69,143,96,136,127,139,98,154,97,142,98,144
2,4042,68,143,96,137,125,137,99,151,97,142,99,142
2,4043,68,144,96,136,126,137,99,150,97,141,99,140
2,4044,68,143,96,136,127,137,100,151,97,141,99,141
2,4045,68,143,96,137,125,137,98,152,96,142,98,142
2,4046,69,142,96,137,126,136,99,151,96,142,98,141
2,4047,68,142,96,137,126,136,99,150,97,141,98,141
2,4048,70,144,96,137,126,137,100,150,96,143,99,141
2,4049,70,142,96,137,126,137,99,150,96,142,99,140
2,4050,69,143,96,137,126,137,100,150,96,142,99,140
2,4051,69,143,96,137,126,137,100,150,96,142,99,141
2,4052,69,142,96,136,128,137,100,151,97,142,99,141
2,4053,70,143,96,135,127,137,100,150,96,142,99,140
2,4054,69,143,96,135,127,137,99,152,97,142,99,141
2,4055,69,143,97,136,126,137,100,150,97,141,99,140
2,4056,68,142,97,136,127,136,99,151,97,141,99,140
2,4057,68,142,97,135,127,137,100,150,97,140,100,140
2,4058,68,141,96,136,128,135,100,149,97,141,100,139
2,4059,68,142,96,136,127,136,100,151,97,142,99,140
2,4060,67,142,96,135,127,135,101,150,97,141,99,139
2,4061,68,143,96,135,128,136,99,152,97,141,99,141
2,4062,67,142,97,135,129,137,100,152,98,140,100,142
2,4063,65,143,97,134,129,138,99,156,98,139,99,146
2,4064,65,144,97,134,129,138,99,156,98,139,99,146
2,4065,64,143,98,133,129,139,100,154,98,139,100,143
2,4066,64,143,98,133,128,139,99,154,97,140,99,143
2,4067,68,143,96,135,128,137,100,151,97,141,99,140
2,4068,68,142,96,135,128,136,100,150,97,141,99,140
2,4069,69,144,95,137,126,137,99,151,96,142,98,141
2,4070,70,144,96,137,126,137,99,150,97,142,98,141
2,4071,69,142,96,137,127,138,99,152,96,142,98,142
2,4072,69,143,96,136,127,138,99,152,96,142,98,142
2,4073,70,143,96,136,126,138,99,153,96,142,98,142
2,4074,70,143,95,136,126,139,98,153,96,142,98,142
2,4075,69,144,95,137,126,137,99,152,96,142,98,142
2,4076,69,144,95,137,126,137,99,152,96,142,98,143
2,4077,68,144,95,138,126,137,98,152,96,143,97,143
2,4078,69,144,95,138,126,138,98,152,96,142,97,143
2,4079,69,144,96,136,127,139,99,156,96,142,97,144
2,4080,69,144,96,136,127,140,98,155,96,142,98,144
2,4081,69,144,96,136,126,140,98,156,97,142,98,145
2,4082,71,144,96,136,126,140,97,158,97,143,97,146
2,4083,70,144,96,136,126,140,98,158,97,143,98,146
2,4084,68,142,95,138,128,139,98,157,96,142,97,147
2,4085,68,143,96,138,128,139,98,155,96,143,97,146
2,4086,66,141,96,138,129,137,99,156,97,143,99,146
2,4087,66,141,96,137,129,137,99,157,96,142,98,147
2,4088,65,141,96,137,129,137,98,157,97,142,98,147
2,4089,66,141,96,138,129,137,99,156,97,143,98,146
2,4090,65,143,96,136,129,137,98,156,97,141,98,146
2,4091,65,142,96,136,130,137,98,155,97,141,98,146
2,4216,71,143,96,138,125,141,96,156,96,143,96,145
2,4217,71,144,96,137,125,141,96,157,96,143,97,145
2,4218,70,144,96,137,125,141,97,156,96,144,97,144
2,4219,72,144,96,137,125,142,97,156,96,143,96,144
2,4220,69,143,96,137,125,141,97,156,97,143,97,144
2,4221,69,143,97,136,126,141,98,156,97,142,97,144
2,4222,71,143,96,138,124,139,98,152,96,143,98,143
2,4223,70,142,96,137,125,139,97,153,97,143,97,144
2,4224,70,142,96,136,126,140,96,155,96,142,96,144
2,4225,71,142,96,136,126,140,96,155,97,142,96,144
2,4226,70,143,96,136,125,139,99,153,97,142,98,143
2,4227,69,142,97,136,126,139,99,152,97,142,98,142
2,4228,71,143,96,137,125,138,99,152,97,142,98,142
2,4229,70,143,97,137,124,139,99,152,97,142,98,142
2,4230,69,143,97,137,124,138,98,152,97,142,98,142
2,4231,70,143,97,136,126,138,100,152,97,141,99,142
2,4232,70,143,97,137,126,138,100,152,98,141,99,142
2,4233,70,143,97,137,125,138,100,150,97,142,100,141
2,4234,69,142,97,136,124,137,99,151,97,142,99,140
2,4235,69,143,97,137,125,138,99,152,97,142,99,142
2,4236,69,142,96,137,125,138,99,152,98,142,98,142
2,4237,69,141,97,137,127,136,99,152,97,141,99,142
2,4238,69,142,97,136,127,137,100,153,98,140,99,142
2,4239,70,144,97,136,126,138,99,154,98,141,99,143
2,4240,70,143,97,136,127,138,99,154,97,141,99,144
2,4241,68,143,97,136,127,137,100,154,97,142,99,144
2,4242,68,143,97,137,126,138,99,154,97,142,99,144
2,4243,68,142,96,137,126,137,99,153,97,142,98,143
2,4244,68,142,97,136,126,137,99,153,97,142,98,142
2,4245,69,143,96,137,125,138,98,153,96,142,98,142
2,4246,68,143,96,137,126,138,98,152,97,142,97,142
2,4247,69,144,96,137,124,138,98,152,97,142,97,142
2,4248,70,143,97,137,124,137,99,151,97,142,99,141
2,4249,69,143,97,137,125,137,100,151,97,142,99,142
2,4250,68,142,96,137,126,137,99,153,97,143,99,143
2,4251,68,143,97,137,125,137,99,152,97,142,99,141
2,4252,68,142,96,137,126,137,99,153,97,142,98,143
2,4253,69,142,97,137,126,137,99,153,97,142,98,143
2,4254,72,142,96,136,126,140,97,154,96,142,97,142
2,4255,71,142,96,136,125,140,97,154,96,142,97,143
2,4256,71,142,96,136,125,140,98,155,96,142,98,143
2,4257,71,143,96,136,125,140,97,154,97,142,97,144
2,4258,70,142,96,136,125,139,97,154,97,141,97,144
2,4259,70,142,97,136,125,139,97,154,97,141,97,144
2,4260,72,143,97,137,125,141,98,154,97,143,97,143
2,4261,71,142,97,136,126,140,97,153,97,142,97,142
2,4262,70,143,95,137,126,139,97,154,96,143,97,144
2,4263,71,143,96,137,125,140,97,155,96,142,97,143
2,4280,70,142,96,137,126,137,97,153,96,142,97,142
2,4281,70,142,96,136,125,138,97,152,96,142,97,143
2,4282,71,143,96,137,125,138,97,153,96,142,97,143
2,4283,71,142,96,136,126,138,97,152,96,142,98,142
2,4355,69,142,97,137,126,137,99,153,97,142,98,142
2,4356,71,142,96,138,126,137,99,152,97,142,98,142
2,4357,70,142,96,138,126,136,98,152,97,143,98,143
2,4358,71,143,96,136,126,141,97,157,96,142,96,146
2,4359,71,143,96,136,125,141,97,157,96,143,96,145
2,4360,71,144,95,137,125,139,97,155,96,143,96,144
2,4361,71,144,95,138,125,138,97,153,95,143,97,143
2,4362,71,144,95,138,125,139,97,155,96,142,96,145
2,4363,70,143,96,136,126,139,97,155,96,142,97,143
2,4364,71,143,96,136,126,139,97,155,96,142,97,143
2,4365,70,144,96,137,125,138,99,152,97,141,99,142
2,4366,72,144,96,137,124,138,99,153,97,142,99,143
2,4367,71,144,97,137,125,139,99,155,97,142,98,144
2,4368,71,144,96,137,126,138,99,154,97,142,99,143
2,4369,72,144,96,136,125,140,97,154,96,142,97,143
2,4370,72,143,96,136,125,140,97,154,96,143,97,143
2,4371,72,145,96,137,124,139,98,154,97,142,98,143
2,4372,71,145,96,137,125,139,99,154,97,142,98,143
2,4373,70,144,96,136,125,138,99,154,97,142,98,143
2,4374,70,145,96,136,125,139,99,154,97,142,98,143
2,4375,69,145,96,135,125,137,100,152,97,141,99,141
2,4376,70,145,96,135,126,139,99,153,96,141,98,142
2,4377,70,144,96,137,125,138,100,151,97,142,99,141
2,4378,70,144,95,136,125,137,99,150,96,141,99,141
2,4379,70,144,95,136,125,137,99,150,96,141,99,141
2,4380,70,145,96,136,125,139,99,152,96,141,98,143
2,4381,70,144,96,136,125,138,100,152,96,142,99,142
2,4382,70,144,96,136,125,137,99,151,96,142,98,141
2,4383,71,143,95,137,125,138,99,151,96,142,98,141
2,4384,71,143,96,138,125,138,98,152,97,142,98,142
2,4385,71,144,96,137,125,138,98,152,97,142,98,142
2,4386,71,143,96,137,125,139,98,154,96,142,98,144
2,4387,71,143,96,137,125,138,98,152,96,142,98,143
2,4388,71,143,96,137,125,137,99,151,96,142,98,141
2,4389,71,144,96,137,124,139,98,152,97,143,98,142
2,4390,71,144,96,137,125,138,98,152,96,142,98,142
2,4391,71,144,96,137,125,138,98,151,96,142,97,141
2,4392,71,144,96,137,125,139,98,154,96,142,97,144
2,4393,71,143,96,137,125,138,98,153,96,142,97,143
2,4394,70,144,96,136,125,138,99,153,96,142,98,142
2,4395,69,144,96,136,124,139,99,152,96,142,98,141
2,4396,70,143,96,137,125,138,99,152,96,142,98,142
2,4397,70,143,96,136,126,138,99,151,96,142,97,142
2,4398,70,143,96,136,126,138,99,151,96,142,97,142
2,4478,72,143,96,136,125,142,97,157,97,142,97,144
2,4479,69,144,96,137,124,139,99,153,97,143,98,143
2,4480,69,143,96,138,125,140,98,154,97,143,98,144
2,4481,69,143,97,138,124,140,98,154,97,143,98,144
2,4482,71,144,97,138,123,140,98,154,97,143,98,144
2,4483,71,144,97,138,123,140,98,155,97,143,98,144
2,4484,71,144,97,138,125,141,98,156,97,142,98,145
2,4485,71,144,96,137,125,141,98,156,97,143,97,145
2,4486,72,144,96,136,126,142,97,157,97,142,96,145
2,4487,72,145,96,136,126,142,97,157,96,142,96,145
2,4488,72,143,96,135,126,141,97,157,97,142,97,145
2,4489,72,144,96,136,125,142,97,158,97,142,97,146
2,4490,73,144,97,136,126,143,97,157,97,142,97,145
2,4491,71,143,96,135,127,142,98,157,96,142,97,145
2,4492,71,143,97,136,125,142,97,157,97,142,97,144
2,4493,72,142,97,136,126,141,97,155,97,142,97,143
2,4494,70,144,97,137,123,140,98,154,98,143,98,143
2,4495,71,144,97,137,123,141,98,157,97,143,98,145
2,4496,71,144,97,137,123,141,98,156,97,143,98,145
2,4497,70,145,97,137,124,141,98,155,97,143,98,144
2,4498,70,144,97,137,122,141,98,156,97,143,98,145
2,4499,71,144,97,137,122,140,98,154,97,143,99,143
2,4500,71,145,97,137,124,141,98,156,97,143,98,145
2,4501,70,145,97,136,122,140,98,153,97,143,98,143
2,4502,70,144,97,137,123,140,98,155,97,143,98,143
2,4503,70,143,97,138,124,141,98,156,97,143,99,145
2,4504,70,144,97,138,122,141,98,155,97,143,98,143
2,4505,70,144,97,138,124,140,98,157,97,143,99,146
2,4506,69,144,97,138,123,140,98,156,98,143,98,145
2,4507,70,143,97,138,123,141,98,155,97,142,98,145
2,4508,70,143,97,137,124,139,98,156,97,142,99,145
2,4509,70,143,97,138,123,140,97,156,97,143,97,145
2,4510,69,143,96,138,125,140,98,155,97,143,97,144
2,4511,69,143,96,138,125,140,98,155,97,143,97,144
2,4512,70,144,96,137,125,142,97,155,97,143,97,144
2,4513,70,144,97,137,124,142,97,156,97,143,98,145
2,4514,70,144,97,137,125,141,98,154,97,143,98,143
2,4515,69,144,96,137,124,140,98,154,97,143,98,143
2,4516,70,144,96,138,124,141,97,155,97,143,97,144
2,4517,70,144,96,137,125,140,97,155,97,143,97,144
2,4518,69,144,96,138,124,140,98,156,97,142,98,145
2,4519,69,143,96,138,124,140,98,155,97,143,97,144
2,4520,70,144,96,138,124,140,97,154,96,143,97,144
2,4521,71,144,96,138,122,141,97,154,96,143,97,143
2,4522,67,144,97,137,123,139,99,154,97,143,98,143
2,4523,67,144,97,137,124,139,99,155,97,142,98,144
2,4524,68,146,97,136,120,143,98,156,97,142,97,145
2,4525,68,146,97,136,121,142,98,155,97,142,98,144
2,4526,67,144,97,137,124,139,98,153,97,143,98,143
2,4527,68,144,96,137,123,139,99,152,97,143,98,141
2,4528,68,144,96,137,123,140,98,153,97,143,98,142
2,4529,69,144,97,137,123,140,98,153,97,143,98,143
2,4530,69,143,96,138,123,140,98,154,97,142,97,143
2,4531,70,144,96,138,123,140,97,154,97,142,97,143
2,4532,70,144,96,137,123,140,98,153,97,142,97,143
2,4533,69,144,96,137,124,140,98,153,97,142,98,143
2,4534,69,144,96,138,123,140,98,153,97,142,97,142
2,4543,70,144,97,138,122,142,98,154,97,142,98,143
2,4544,69,144,97,137,122,142,98,154,97,143,98,143
2,4545,70,144,96,137,122,141,98,153,96,143,98,143
2,4546,69,143,96,138,123,141,98,153,97,142,97,143
2,4547,70,145,96,138,123,141,98,154,97,143,98,144
2,4548,70,143,96,138,124,142,98,153,96,143,98,143
2,4549,70,144,96,138,124,142,98,154,97,143,98,144
2,4550,70,145,96,137,122,142,97,153,97,142,98,143
2,4551,71,145,96,137,122,142,97,152,96,143,97,142
2,4552,70,144,96,138,122,141,97,152,97,143,97,142
2,4553,69,144,96,138,122,141,97,152,97,143,97,143
2,4554,70,144,96,138,121,142,98,152,97,143,98,142
2,4555,69,144,96,138,122,141,98,151,97,143,98,142
2,4556,70,145,96,138,122,142,98,153,97,142,98,142
2,4557,70,145,96,137,123,142,97,153,96,142,97,143
2,4558,69,144,96,137,122,141,97,154,97,142,97,144
2,4608,69,145,97,136,126,140,98,154,97,143,98,143
2,4609,69,145,97,135,127,140,99,156,97,142,99,145
2,4610,69,146,97,134,127,140,99,155,97,141,99,144
2,4611,69,145,96,136,127,141,97,158,96,143,97,146
2,4612,67,144,96,135,129,140,98,158,97,142,98,146
2,4613,67,144,96,136,129,140,98,157,97,143,98,146
2,4614,68,145,96,135,128,140,99,156,96,142,98,144
2,4615,68,145,97,134,128,141,99,156,97,142,98,145
2,4616,63,146,98,133,125,142,97,157,98,140,98,146
2,4617,61,145,98,133,127,140,98,158,98,140,98,146
2,4618,64,144,97,135,125,138,99,156,97,141,99,145
2,4619,64,144,97,135,126,138,99,156,97,141,99,145
2,4620,66,145,97,134,127,139,99,154,97,141,99,143
2,4621,65,145,98,135,126,139,99,156,98,141,99,145
2,4622,69,145,97,136,122,142,97,154,97,143,97,143
2,4623,70,144,97,136,123,142,98,154,97,143,98,143
2,4624,63,145,98,134,126,139,99,155,98,140,99,144
2,4625,63,146,98,133,126,140,98,156,97,140,99,144
2,4626,63,146,98,134,124,140,98,155,98,141,98,144
2,4627,64,144,97,135,125,139,99,154,97,141,99,143
2,4628,62,144,99,134,125,140,98,156,98,141,99,145
2,4629,64,146,98,134,125,140,99,157,98,140,99,145
2,4630,64,145,98,134,126,140,98,156,98,140,98,145
2,4631,65,144,98,135,126,138,99,156,97,141,99,145
2,4632,66,145,97,135,126,139,99,156,98,140,98,145
2,4633,63,146,98,135,123,142,97,158,98,141,98,146
2,4634,64,146,99,135,122,142,97,158,98,142,98,146
2,4635,64,145,99,134,125,141,97,156,98,140,98,145
2,4636,65,145,98,135,125,139,98,157,98,141,98,146
2,4637,63,146,98,134,124,141,97,158,98,140,98,146
2,4638,62,145,98,135,124,142,98,157,98,141,98,146
2,4639,69,144,96,138,122,141,98,153,97,143,97,143
2,4640,68,144,97,138,122,142,97,154,97,143,97,143
2,4641,65,144,97,135,126,138,98,156,97,140,98,146
2,4642,70,145,96,137,121,142,97,155,97,143,97,144
2,4643,64,145,99,135,124,143,98,158,98,141,98,146
2,4644,69,143,97,138,123,141,97,153,97,144,98,143
2,4645,69,144,96,138,123,141,97,154,97,144,97,144
2,4646,69,144,97,138,122,142,97,155,97,143,97,144
2,4647,68,145,97,138,122,142,97,155,97,143,97,144
2,4648,67,144,97,137,122,141,98,156,97,143,98,144
2,4649,67,144,97,137,123,141,98,155,97,144,98,144
2,4650,69,144,97,137,122,142,97,156,97,144,97,144
2,4651,69,144,97,137,122,142,97,156,97,144,97,144
2,4652,68,143,97,137,122,141,97,154,97,143,97,144
2,4653,68,144,97,137,122,142,97,156,97,143,98,145
2,4654,69,145,96,137,121,142,97,156,97,143,97,144
2,4655,68,145,97,138,121,142,98,155,97,143,98,144
2,4656,67,143,97,138,122,141,97,154,97,143,98,144
2,4657,68,144,97,138,122,141,98,155,97,143,98,143
2,4658,69,143,97,138,122,141,98,153,98,143,98,143
2,4659,69,143,97,138,123,141,98,152,98,143,98,142
2,4660,69,144,97,138,122,142,98,152,97,143,98,142
2,4661,68,144,97,138,122,141,97,153,97,143,98,143
2,4662,69,144,97,138,122,142,98,153,97,143,97,143
2,4663,68,143,96,138,122,142,97,155,97,143,98,143
2,4664,68,143,97,138,121,141,98,154,97,143,97,144
2,4665,67,143,97,138,121,141,98,154,97,143,98,143
2,4666,68,143,97,137,122,142,98,154,97,143,97,143
2,4667,68,143,97,138,122,142,97,154,97,143,97,142
2,4672,64,145,98,133,126,141,98,157,98,140,99,146
2,4673,69,145,97,137,122,142,97,155,97,143,98,144
2,4674,67,144,97,137,121,141,98,154,98,142,98,143
2,4675,68,144,97,137,122,142,98,153,97,143,98,143
2,4676,69,143,97,138,123,141,98,152,97,143,97,142
2,4677,66,146,99,133,129,147,98,160,98,141,99,147
2,4678,64,143,99,134,130,145,99,162,99,141,98,150
2,4679,63,142,99,134,131,144,98,163,99,141,98,151
2,4680,63,143,99,133,131,145,98,163,99,140,99,150
2,4748,69,144,96,136,125,141,98,153,97,143,98,143
2,4749,69,146,96,135,126,140,98,154,96,142,98,143
2,4750,71,143,96,136,129,142,97,154,96,142,96,143
2,4751,72,144,96,136,129,142,98,154,96,142,97,143
2,4752,70,144,96,137,126,141,97,153,96,142,97,142
2,4753,71,145,96,137,125,142,97,153,97,142,97,142
2,4754,70,144,96,137,124,141,97,152,96,142,96,141
2,4755,70,144,96,136,124,141,97,152,96,142,97,142
2,4756,70,144,95,138,125,141,96,151,95,143,96,142
2,4757,70,144,95,138,125,140,97,152,95,142,96,142
2,4758,69,144,95,137,124,140,96,150,95,143,96,141
2,4759,70,144,96,138,124,140,97,150,96,143,97,141
2,4760,69,143,96,136,126,140,97,152,97,141,97,142
2,4761,70,143,97,136,125,142,98,153,97,142,97,143
2,4762,70,143,97,136,125,141,97,153,97,141,97,143
2,4763,71,144,96,135,126,142,97,154,96,141,96,143
2,4764,71,143,96,135,126,143,97,155,96,141,97,143
2,4765,71,143,96,136,126,142,97,155,96,141,97,144
2,4766,71,143,96,136,126,142,97,155,96,141,97,144
2,4767,69,143,96,136,124,140,96,152,96,141,96,142
2,4768,70,143,95,137,125,140,97,153,96,142,97,143
2,4769,71,143,96,136,125,141,97,155,96,142,97,144
2,4770,69,143,96,137,125,140,96,154,97,142,96,144
2,4771,72,142,96,137,125,141,97,155,96,143,97,144
2,4772,70,143,97,137,126,141,97,155,97,142,96,145
2,4773,73,143,96,136,126,142,97,156,96,143,97,144
2,4774,73,143,96,137,126,143,96,157,96,143,97,145
2,4775,71,143,96,137,125,142,97,155,97,143,97,143
2,4776,71,142,96,137,125,141,97,154,97,143,97,143
2,4777,71,143,96,137,126,141,97,156,97,142,97,144
2,4778,72,144,96,138,125,142,96,155,96,143,96,143
2,4779,72,144,96,137,125,142,96,155,97,143,97,144
2,4780,70,143,97,137,125,141,98,153,97,143,97,142
2,4781,70,143,96,137,126,141,97,154,97,142,97,142
2,4782,71,143,96,138,125,140,97,154,97,143,97,143
2,4783,70,143,97,138,123,141,97,154,97,143,97,144
2,4784,70,143,97,138,124,140,98,154,97,143,98,143
2,4785,70,143,97,138,123,140,98,153,97,143,98,143
2,4786,74,143,95,137,126,142,97,154,96,143,97,143
2,4787,74,143,95,137,128,142,97,155,96,143,97,143
2,4788,73,144,96,137,124,142,97,155,97,143,97,144
2,4789,76,145,95,137,126,143,97,154,96,143,96,144
2,4790,70,142,97,137,127,140,98,154,98,142,98,142
2,4791,70,142,97,137,126,140,98,153,98,142,98,142
2,4792,69,143,96,138,127,140,98,154,97,142,98,143
2,4793,68,142,97,138,125,139,97,153,97,143,97,143
2,4794,69,143,97,138,125,139,98,153,97,143,98,143
2,4795,70,143,96,137,126,140,98,154,97,143,98,144
2,4796,70,143,97,138,126,140,98,154,97,143,97,143
2,4797,70,142,97,138,125,140,98,153,97,142,98,143
2,4798,70,143,97,138,126,141,98,153,97,142,97,142
2,4799,70,142,97,138,126,140,98,153,97,143,97,143
2,4800,71,142,96,138,126,140,97,152,97,143,98,142
2,4801,70,142,96,138,125,140,97,152,97,143,97,142
2,4802,70,142,97,138,126,140,98,153,97,143,97,142
2,4803,71,143,97,138,125,139,98,153,97,143,98,143
2,4804,70,143,97,138,125,140,97,154,96,142,97,144
2,4805,71,143,97,138,126,141,98,153,96,143,97,144
2,4806,71,143,96,138,125,140,98,152,96,143,98,142
2,4818,69,143,96,138,125,140,98,154,97,143,98,143
2,4819,69,142,96,137,125,140,97,154,97,142,97,142
2,4820,69,143,97,137,124,141,98,153,97,143,98,143
2,4821,69,143,97,138,124,141,97,153,97,143,98,142
2,4822,70,143,96,138,125,139,98,151,97,143,98,142
2,4823,70,143,96,138,125,139,98,153,96,142,97,142
2,4824,70,143,97,137,126,141,98,152,97,142,97,141
2,4825,70,144,97,137,124,141,98,151,97,142,98,140
2,4826,69,143,97,137,125,141,98,151,97,142,97,141
2,4827,70,143,96,137,125,141,98,151,97,142,97,141
2,4875,72,144,97,136,125,143,97,157,97,143,97,144
2,4876,71,144,96,137,124,142,96,156,97,143,97,144
2,4877,71,144,96,137,124,142,97,156,97,143,97,144
2,4878,72,143,97,137,124,141,97,155,96,143,97,144
2,4879,71,143,97,137,124,142,97,155,97,143,97,144
2,4880,71,144,97,137,124,142,97,156,97,143,97,144
2,4881,71,144,97,137,123,142,97,156,97,142,97,144
2,4882,68,143,96,137,125,140,98,154,97,143,98,143
2,4883,68,142,97,137,124,140,97,152,97,143,97,142
2,4884,74,144,96,137,124,142,97,155,96,143,97,143
2,4885,74,144,96,137,124,143,97,155,96,143,97,143
2,4886,72,144,97,136,123,142,97,155,97,142,97,143
2,4887,73,144,96,136,123,142,97,156,97,143,96,144
2,4888,71,143,96,137,124,141,97,155,97,143,97,144
2,4889,71,142,96,137,124,140,97,155,96,142,97,143
2,4890,72,144,96,137,123,141,97,155,96,143,97,143
2,4891,72,144,96,138,124,141,97,155,96,143,97,143
2,4892,72,143,96,137,123,140,98,154,97,143,98,143
2,4893,71,142,97,136,123,139,98,151,97,143,98,140
2,4894,71,142,97,137,124,139,98,152,97,142,97,141
2,4895,70,142,97,137,124,140,97,153,97,142,97,142
2,4896,70,142,97,137,124,139,98,152,97,143,98,141
2,4897,71,143,97,138,123,140,97,151,97,143,98,140
2,4898,71,144,97,137,123,140,98,152,97,143,97,141
2,4899,70,142,97,137,124,139,97,151,97,142,98,140
2,4900,70,142,97,137,124,140,98,152,97,142,97,141
2,4901,72,143,96,137,125,141,97,154,96,142,97,143
2,4902,72,143,96,137,124,140,98,154,97,143,98,143
2,4903,72,144,96,137,123,141,97,153,96,143,97,142
2,4904,72,144,97,137,124,141,98,153,97,143,98,142
2,4905,71,144,97,136,124,142,98,154,97,142,98,142
2,4906,71,143,97,136,124,142,97,154,97,142,97,143
2,4907,72,144,97,136,124,142,97,154,97,143,97,143
2,4908,71,143,96,136,124,142,97,153,97,143,97,142
2,4909,71,143,96,136,125,142,97,154,96,142,96,142
2,4910,71,143,97,136,124,143,97,155,97,142,97,144
2,4911,72,144,97,137,124,142,98,155,97,142,97,144
2,4912,72,144,96,137,124,141,98,153,96,142,98,142
2,4913,72,145,96,137,123,142,98,155,97,142,98,144
2,4914,73,144,96,137,123,142,97,154,97,142,97,142
2,4915,72,143,97,136,125,142,97,154,97,142,97,142
2,4916,72,144,96,136,125,141,98,154,97,142,98,143
2,4917,72,143,96,137,125,142,97,153,97,142,97,142
2,4918,72,144,97,136,125,142,97,155,97,142,97,144
2,4919,72,143,96,137,124,142,97,154,96,142,97,143
2,4920,72,144,96,137,124,141,97,154,97,142,97,144
2,4921,72,144,96,137,124,142,97,154,97,142,96,144
2,4922,73,144,96,137,124,142,97,155,96,142,97,144
2,4923,72,144,96,137,125,142,97,156,96,143,97,144
2,4924,72,144,96,136,125,142,97,155,97,142,97,144
2,4925,72,144,97,136,124,142,97,154,97,142,97,143
2,4926,72,143,96,136,125,142,97,155,96,142,97,143
2,4927,72,143,96,136,125,142,97,154,97,142,97,143
2,4928,72,143,97,136,125,142,97,154,97,142,97,143
2,4929,72,143,97,137,124,142,97,154,97,142,97,143
2,4930,72,143,96,136,125,142,97,155,97,142,97,143
2,4931,72,144,96,136,124,142,97,153,97,142,97,142
2,4932,72,143,96,136,124,142,97,153,97,141,97,142
2,5033,71,143,96,137,126,141,96,155,96,143,96,143
2,5034,70,143,96,137,125,141,97,155,97,143,97,143
2,5035,71,143,96,137,125,141,97,155,97,143,97,143
2,5036,71,142,97,137,125,141,97,155,97,143,97,144
2,5037,72,142,96,138,125,142,97,155,97,142,97,144
2,5038,72,143,96,137,125,142,97,156,97,142,97,144
2,5039,72,143,97,137,124,142,97,155,97,143,97,143
2,5040,72,144,96,137,124,142,97,155,97,142,97,144
2,5041,72,144,96,136,126,142,97,156,96,142,96,145
2,5042,70,143,96,137,126,142,97,156,97,142,97,145
2,5043,71,143,96,137,125,142,96,156,96,142,96,144
2,5044,70,143,96,136,126,141,97,156,97,142,97,145
2,5045,71,144,96,137,125,142,97,157,97,143,97,145
2,5046,72,143,96,137,125,141,97,155,96,143,97,144
2,5047,70,143,97,137,125,141,97,155,97,143,97,144
2,5048,72,143,96,138,127,142,96,155,96,143,96,144
2,5049,71,142,96,138,126,142,97,155,97,144,96,145
2,5050,71,142,96,137,126,142,97,153,97,143,97,143
2,5051,72,144,96,138,125,142,97,153,97,144,97,144
2,5052,70,142,96,138,127,141,97,155,97,143,97,145
2,5053,71,142,96,138,126,141,97,154,97,143,97,144
2,5054,69,141,96,138,127,140,97,156,97,143,97,146
2,5055,69,141,97,137,128,141,97,156,97,142,96,145
2,5056,70,141,97,138,127,141,97,155,97,143,97,144
2,5057,69,141,97,138,127,141,97,154,97,143,97,144
2,5058,70,141,97,137,126,141,97,154,97,143,97,144
2,5059,71,141,97,138,127,141,97,154,97,143,96,144
2,5060,71,141,97,137,126,141,97,154,97,143,97,143
2,5061,71,142,97,137,125,142,97,154,97,143,97,144
2,5062,72,142,97,137,125,142,97,154,97,144,96,143
2,5063,70,142,97,137,125,141,96,155,97,143,97,143
2,5064,70,141,97,137,126,141,97,155,97,143,97,143
2,5065,69,142,97,137,125,140,97,154,97,143,97,143
2,5066,70,141,96,136,125,140,97,154,96,143,97,143
2,5067,70,142,97,136,125,141,97,154,96,143,96,142
2,5068,70,142,96,136,126,142,96,155,96,143,97,142
2,5069,71,143,97,136,126,142,97,155,97,142,97,143
2,5070,71,142,97,136,126,142,97,153,97,143,97,141
2,5071,71,142,97,136,125,142,97,155,97,142,97,143
2,5072,71,142,97,136,126,142,96,155,97,142,97,143
2,5073,71,143,97,136,125,142,97,155,97,142,97,143
2,5074,72,143,97,136,126,142,96,154,97,143,97,142
2,5075,72,143,96,137,126,142,97,153,97,142,97,142
2,5076,72,142,97,136,126,142,97,153,97,142,97,142
2,5077,72,142,96,136,126,142,97,154,97,143,97,142
2,5078,72,142,97,135,126,142,97,155,97,142,97,143
2,5079,72,143,97,135,126,142,97,155,97,142,97,142
2,5080,71,143,97,136,125,142,97,155,97,143,97,143
2,5081,71,142,97,137,125,142,97,155,97,142,97,144
2,5082,71,142,97,137,124,141,97,154,97,142,97,142
2,5083,72,143,97,136,125,141,97,154,97,143,97,143
2,5084,71,142,97,137,125,141,97,155,97,142,97,143
2,5085,71,142,97,136,126,141,97,155,97,142,97,144
2,5086,70,143,96,137,125,141,97,155,97,143,97,143
2,5087,71,143,96,137,126,141,97,155,97,143,97,144
2,5088,70,143,96,136,126,140,97,154,97,142,97,143
2,5089,70,141,97,136,126,141,97,154,97,142,97,143
2,5090,70,143,96,137,125,142,97,154,97,143,97,143
2,5091,70,143,96,137,126,141,97,153,96,142,96,143
2,5092,70,143,96,137,126,141,97,154,97,142,97,143
2,5093,71,143,96,137,125,141,97,153,96,142,97,143
2,5216,70,143,96,138,124,141,97,153,97,143,98,143
2,5217,71,144,97,137,124,142,97,153,97,143,97,143
2,5218,70,143,97,137,125,141,98,154,97,143,97,144
2,5219,70,143,97,138,124,141,97,153,97,143,98,143
2,5220,71,143,97,138,125,141,98,153,97,143,97,144
2,5221,70,142,97,138,124,141,97,153,97,142,97,142
2,5222,70,144,97,137,124,141,98,152,97,143,98,142
2,5223,70,144,97,137,124,141,98,153,97,142,98,143
2,5224,69,143,97,137,126,139,98,154,97,142,98,144
2,5225,68,142,97,137,125,139,98,154,97,142,98,144
2,5226,72,144,96,136,125,142,97,155,97,142,97,144
2,5227,73,145,96,136,124,143,97,155,96,142,96,144
2,5228,73,145,96,136,124,143,97,155,96,142,96,144
2,5229,73,144,96,136,125,142,96,155,96,142,97,144
2,5230,72,145,96,137,125,143,97,156,97,143,96,145
2,5231,73,144,97,137,124,142,97,156,97,142,97,144
2,5232,72,144,96,136,125,142,97,156,96,142,97,145
2,5233,72,143,96,136,125,142,97,155,96,141,97,144
2,5234,72,143,96,136,125,142,97,155,96,142,97,143
2,5235,73,144,96,136,125,142,96,154,96,143,96,143
2,5236,73,144,96,136,125,143,97,155,96,142,97,144
2,5237,73,144,95,136,126,142,97,154,96,142,97,143
2,5238,72,143,96,136,126,141,97,154,96,142,97,143
2,5239,72,144,95,136,126,141,97,154,96,142,96,143
2,5240,68,143,96,137,124,139,99,153,97,142,99,143
2,5241,68,143,97,137,125,139,99,153,97,142,99,143
2,5242,72,144,96,137,125,142,97,155,97,142,97,144
2,5243,71,144,96,136,125,143,97,157,97,142,97,146
2,5244,67,143,97,137,125,139,98,155,97,142,98,144
2,5245,68,143,97,137,125,139,99,155,97,142,98,144
2,5246,69,143,97,137,124,140,98,153,97,142,98,143
2,5247,70,143,96,138,124,140,98,154,97,143,98,143
2,5248,70,144,97,138,123,141,98,152,97,142,98,142
2,5249,70,144,97,138,123,140,98,152,97,142,98,142
2,5250,69,144,96,137,124,140,97,153,97,143,97,143
2,5251,70,144,97,138,124,141,98,153,97,142,98,142
2,5252,70,143,96,137,124,140,98,153,97,143,98,143
2,5253,70,143,96,138,124,139,98,152,97,142,97,142
2,5254,71,144,96,138,123,140,98,151,97,142,98,142
2,5255,70,143,96,138,123,140,98,152,97,142,98,142
2,5256,70,144,96,138,125,140,97,153,97,142,97,143
2,5257,71,144,96,138,125,141,98,154,97,143,98,143
2,5258,71,144,97,137,125,141,97,153,97,143,97,143
2,5259,71,144,96,138,124,141,98,154,97,143,98,143
2,5260,71,144,97,137,124,141,98,152,97,142,98,142
2,5261,71,144,97,137,124,142,98,154,97,142,98,143
2,5262,71,145,98,138,123,143,98,154,97,143,98,143
2,5263,69,145,96,137,124,144,97,152,97,143,98,142
2,5264,69,146,97,136,123,144,98,152,98,142,98,143
2,5265,69,146,97,136,125,142,98,157,98,143,98,146
2,5266,69,146,98,136,124,143,98,157,97,143,98,146
2,5267,67,145,97,135,127,145,97,157,98,142,97,145
2,5268,67,145,97,134,128,144,97,157,97,142,97,145
2,5269,67,146,97,135,127,145,97,159,97,143,97,146
2,5270,67,145,97,135,127,145,97,159,97,142,97,147
2,5271,67,146,97,136,127,145,97,159,98,143,98,147
2,5272,67,146,98,135,127,144,97,159,97,142,97,146
2,5273,67,146,97,135,127,145,97,159,97,142,97,147
2,5274,67,145,97,136,127,145,97,159,97,143,97,147
2,5275,66,146,97,135,128,145,97,159,97,143,97,147
2,5285,69,145,97,137,125,144,96,156,97,143,97,145
2,5286,69,145,96,137,124,143,97,155,97,143,98,144
2,5287,68,145,97,137,124,143,97,154,97,143,97,144
2,5288,71,146,97,138,123,144,97,152,97,144,98,143
2,5310,69,145,97,136,124,144,97,154,97,142,97,143
2,5311,69,145,97,137,124,143,98,153,97,142,97,143
2,5312,70,146,98,136,123,145,97,154,97,142,97,143
2,5313,70,147,97,137,123,145,98,154,98,143,98,143
2,5314,70,146,97,137,124,145,98,154,97,143,97,144
2,5315,71,145,97,137,124,145,98,155,97,143,97,144
2,5316,68,145,97,136,125,144,97,156,97,142,97,145
