1,782,62,142,98,129,134,141,96,158,98,141,96,143
1,783,62,141,98,129,134,141,97,158,97,141,96,143
1,784,62,142,97,130,134,141,96,159,97,140,97,144
1,785,62,140,98,130,134,141,97,159,97,140,96,145
1,786,62,142,98,130,134,141,97,158,98,141,96,144
1,787,63,141,97,130,133,140,96,158,98,141,96,144
1,788,62,141,97,131,133,141,97,157,98,141,97,143
1,789,62,141,97,130,133,141,96,156,97,140,96,142
1,790,63,141,98,131,133,140,96,157,97,141,97,143
1,791,63,141,98,131,133,140,96,158,97,141,97,143
1,792,63,140,98,131,133,139,97,158,98,141,96,143
1,793,62,141,98,131,133,140,97,159,97,141,97,145
1,794,63,140,97,130,132,140,96,159,97,141,96,144
1,795,62,141,98,130,132,140,96,159,98,141,96,144
1,796,62,140,98,131,132,140,96,157,97,141,96,143
1,797,63,140,97,131,132,141,96,159,98,140,96,145
1,798,63,141,97,131,133,140,96,156,97,141,96,142
1,799,63,141,97,131,133,140,96,157,97,141,96,143
1,800,63,141,98,131,133,140,96,156,97,141,96,142
1,801,63,141,97,131,133,140,96,157,98,141,96,142
1,802,63,141,97,130,132,141,97,163,97,140,97,149
1,803,62,145,98,129,130,142,98,171,97,137,98,157
1,804,63,144,98,130,130,142,97,173,98,137,98,159
1,889,62,140,97,130,133,140,96,158,98,140,97,143
1,890,62,140,98,130,133,140,97,159,97,140,97,144
1,891,62,140,98,130,134,140,96,158,97,140,97,143
1,892,62,140,97,130,134,140,97,157,97,140,97,142
1,893,62,140,98,130,134,139,96,157,97,140,97,143
1,894,62,140,98,130,133,140,96,158,97,140,96,143
1,895,62,140,98,130,134,140,96,158,97,140,97,144
1,896,62,140,98,130,134,140,97,157,98,140,97,143
1,897,62,139,98,130,134,140,96,158,97,140,96,142
1,898,62,140,97,130,134,139,96,158,97,140,97,143
1,899,62,140,98,130,134,139,97,158,97,140,97,145
1,900,62,140,97,130,134,140,97,158,97,141,96,143
1,901,62,141,97,130,133,140,96,159,97,141,97,144
1,902,62,140,97,130,134,140,96,158,96,140,96,144
1,903,62,140,97,131,134,140,96,158,97,140,96,143
1,904,62,140,97,130,134,139,96,158,97,140,97,144
1,975,62,139,98,130,134,139,97,159,98,140,97,144
1,976,61,140,98,130,133,139,97,158,97,140,97,144
1,977,62,140,98,130,133,140,96,158,97,141,96,143
1,978,61,140,97,130,134,140,96,160,96,140,96,145
1,979,62,140,98,130,133,139,96,157,97,141,96,143
1,980,62,140,97,130,133,140,97,156,97,140,97,143
1,981,62,140,97,130,133,140,96,158,97,140,97,143
1,982,62,140,97,130,133,140,96,157,96,140,96,143
1,983,62,140,97,130,132,140,96,157,97,140,97,143
1,984,62,141,97,130,133,140,96,159,96,140,96,145
1,985,62,140,97,131,133,140,96,158,97,140,96,144
1,986,63,140,97,129,132,140,96,159,97,140,96,143
1,987,62,140,97,131,133,140,96,157,97,141,96,143
1,988,62,140,98,130,132,139,96,156,97,141,97,142
1,989,63,140,97,130,132,140,96,156,97,140,96,142
1,990,63,140,98,131,132,139,96,157,97,140,96,143
1,991,63,140,98,131,133,139,96,157,97,141,96,142
1,992,63,140,97,131,132,140,96,156,97,140,97,143
1,993,63,139,97,130,132,140,96,157,97,140,96,143
1,994,64,139,97,130,132,140,96,158,97,140,97,144
1,995,63,139,98,130,132,140,96,158,97,140,96,143
1,996,63,139,97,131,133,140,96,158,97,140,96,143
1,997,63,140,97,131,132,140,96,158,96,141,96,144
1,998,63,140,98,131,132,139,96,157,97,141,97,143
1,999,63,140,97,130,132,139,96,157,97,141,96,142
1,1000,63,139,98,130,132,139,97,159,97,141,97,143
1,1001,63,140,98,131,132,139,96,156,97,141,97,142
1,1002,63,140,97,131,132,139,96,157,97,141,97,142
1,1019,63,140,98,132,131,139,96,158,97,142,97,143
1,1020,64,140,98,132,131,139,97,158,98,142,97,143
1,1021,64,140,98,131,131,139,96,159,98,142,97,143
1,1022,62,142,97,130,133,140,96,169,97,139,96,154
1,1023,62,142,98,130,132,140,97,169,98,138,97,156
1,1024,62,143,98,129,132,141,97,170,97,138,97,155
1,1025,63,143,98,129,132,140,97,170,98,138,97,155
1,1026,62,143,98,130,132,140,97,169,98,138,98,155
1,1027,62,143,98,130,132,140,98,169,98,138,97,155
1,1028,62,143,98,130,133,140,97,169,97,138,97,155
1,1029,62,142,97,130,133,140,97,169,97,138,97,155
1,1030,62,142,98,130,133,139,97,167,98,138,97,152
1,1087,62,139,98,130,133,139,97,157,98,141,97,142
1,1088,62,139,98,130,133,139,96,158,97,140,97,144
1,1089,61,139,97,130,133,138,97,158,98,141,97,143
1,1090,62,138,98,131,133,139,97,157,97,141,97,142
1,1091,62,139,98,131,133,139,96,157,97,141,97,142
1,1092,63,139,98,131,133,138,97,157,97,141,97,143
1,1093,62,139,98,131,133,138,97,156,97,141,97,142
1,1094,62,138,98,131,134,139,97,157,97,140,97,142
1,1095,62,139,97,131,133,139,97,157,98,141,97,142
1,1096,62,139,98,130,133,139,97,157,97,140,97,143
1,1097,62,139,98,131,133,139,97,156,97,140,97,142
1,1098,62,138,98,130,134,139,97,157,97,141,97,142
1,1099,62,139,98,131,133,138,97,157,97,141,97,142
1,1100,62,138,97,131,133,138,97,157,98,140,97,142
1,1101,62,139,98,131,133,138,97,157,97,141,97,142
1,1102,62,138,98,130,133,139,97,157,97,141,97,142
1,1103,62,138,98,131,133,139,96,157,97,141,97,142
1,1104,62,138,98,131,133,139,97,159,97,140,97,144
1,1105,62,139,98,131,132,139,97,159,97,141,97,143
1,1106,62,138,98,131,133,139,97,159,97,140,97,144
1,1107,62,138,98,131,132,139,97,160,97,140,97,144
1,1108,62,139,98,130,132,139,97,159,97,140,97,144
1,1109,62,138,98,131,133,138,97,158,98,140,97,143
1,1110,62,138,98,131,133,139,96,159,98,140,97,144
1,1111,62,138,98,130,133,139,97,160,97,140,97,144
1,1112,62,138,98,131,133,139,96,158,97,140,97,144
1,1113,63,139,98,130,132,139,96,159,97,140,97,144
1,1114,63,138,98,130,132,139,97,158,97,140,96,144
1,1115,63,138,98,130,133,139,97,157,97,140,97,143
1,1116,63,139,98,131,132,139,96,159,97,141,96,143
1,1117,62,139,98,131,132,138,97,158,97,140,97,143
1,1118,63,138,98,131,133,140,96,161,98,140,97,145
1,1119,62,138,98,131,132,139,97,159,97,141,96,143
1,1120,63,138,98,131,132,139,97,158,97,141,96,143
1,1121,62,138,98,130,133,139,96,157,97,141,97,143
1,1122,62,139,98,131,133,139,97,160,97,140,97,145
1,1123,62,141,98,130,133,139,97,165,97,138,97,151
1,1124,62,142,97,129,132,140,97,169,97,138,97,154
1,1125,63,143,98,130,132,140,97,170,97,137,97,155
1,1126,63,142,98,130,132,141,97,169,97,138,97,154
1,1127,63,143,98,130,132,141,96,168,97,138,97,153
1,1128,63,143,97,129,132,141,97,168,98,138,97,152
1,1129,62,143,98,129,132,141,97,168,98,138,97,154
1,1130,63,143,98,129,131,142,97,168,98,138,97,153
1,1131,63,144,98,129,131,142,97,168,98,137,97,154
1,1132,62,143,97,129,132,141,98,168,97,137,98,154
1,1133,63,143,98,130,131,142,97,167,98,138,97,154
1,1221,63,139,98,131,132,139,97,157,98,141,97,142
1,1222,62,139,98,131,132,139,97,157,98,141,97,142
1,1223,62,138,97,131,132,138,97,157,98,141,97,142
1,1224,63,139,97,131,132,139,96,157,98,141,97,143
1,1225,62,139,98,130,131,139,97,157,98,141,97,143
1,1226,63,139,98,131,131,139,97,157,97,140,98,144
1,1227,61,140,98,131,131,139,97,159,98,140,97,145
1,1228,61,139,99,130,131,139,97,159,98,139,97,145
1,1229,61,140,99,130,131,140,97,160,98,140,97,145
1,1230,61,139,98,130,131,139,97,159,98,140,97,143
1,1231,62,139,98,130,130,139,97,159,98,141,98,142
1,1232,62,138,99,131,130,139,97,156,98,141,97,142
1,1233,61,139,99,130,131,139,97,156,98,141,98,142
1,1234,62,139,98,130,132,138,97,156,97,141,98,142
1,1235,62,138,98,130,131,139,97,157,98,141,97,142
1,1236,62,138,99,130,131,139,97,158,98,141,97,142
1,1237,62,138,98,130,131,139,97,156,98,141,97,141
1,1238,61,139,98,131,132,139,97,157,98,140,97,141
1,1239,61,139,98,130,132,139,97,157,97,141,97,142
1,1240,61,139,98,131,132,139,97,157,97,141,97,142
1,1241,62,138,98,130,132,139,97,157,98,141,98,142
1,1242,62,138,98,131,132,139,97,156,98,141,98,141
1,1243,61,138,98,131,132,139,97,157,98,141,98,141
2,1328,60,137,98,131,135,138,97,161,98,140,97,147
2,1329,61,138,98,131,134,139,97,160,98,140,97,146
2,1330,60,137,98,130,134,138,98,161,98,140,98,147
2,1331,61,137,98,130,134,138,97,160,97,140,97,146
2,1332,61,137,98,131,135,138,97,161,97,140,97,148
2,1333,60,137,98,130,134,138,96,160,97,139,97,146
2,1334,60,138,97,130,135,139,96,160,97,140,97,147
2,1335,59,140,98,130,135,140,98,159,97,140,98,145
2,1336,60,140,97,129,136,141,97,159,97,139,97,146
2,1337,59,140,98,129,135,139,97,159,97,140,98,146
2,1338,60,140,98,130,135,139,97,159,97,140,97,146
2,1339,60,139,98,130,135,140,96,158,97,139,96,147
2,1340,60,139,97,130,135,139,96,157,98,140,97,143
2,1341,60,139,98,129,135,140,97,158,97,140,96,146
2,1342,60,139,97,130,134,139,96,158,97,140,96,145
2,1343,60,139,98,130,135,139,96,158,97,140,97,145
2,1344,61,138,98,130,134,138,96,156,97,141,97,142
2,1345,61,138,98,131,134,138,97,159,97,140,97,145
2,1346,61,137,98,131,134,137,96,160,97,141,97,146
2,1347,61,136,98,132,133,136,97,161,98,140,97,146
2,1348,61,136,98,132,133,136,97,162,98,140,97,147
2,1349,62,136,98,131,133,135,96,157,97,140,97,143
2,1350,62,135,98,132,133,136,96,157,97,141,96,144
2,1351,62,135,98,131,134,136,96,155,97,141,96,142
2,1352,62,136,97,131,134,137,97,157,97,141,96,143
2,1353,62,136,98,132,134,136,96,157,97,140,96,143
2,1354,62,136,98,132,134,136,96,158,98,141,96,144
2,1355,62,136,98,132,133,136,96,158,97,140,96,144
2,1356,62,136,98,132,133,136,96,156,97,140,96,142
2,1357,62,136,97,131,133,136,97,160,97,141,97,146
2,1358,62,136,98,131,133,137,97,164,98,140,97,149
2,1359,62,136,98,132,133,137,97,162,98,140,97,148
2,1360,62,136,98,132,133,137,97,160,98,141,96,146
2,1361,62,136,98,132,132,137,97,161,98,141,97,147
2,1362,62,136,98,132,133,137,96,160,98,141,97,144
2,1363,62,135,98,132,133,136,97,157,98,141,97,143
2,1364,62,136,98,132,133,137,96,157,98,141,97,143
2,1424,62,139,98,130,132,140,97,156,97,141,97,142
2,1425,62,140,98,130,132,139,97,156,97,140,97,142
2,1426,61,140,97,131,132,139,97,156,97,140,97,142
2,1427,61,139,98,130,132,139,97,156,97,141,97,142
2,1428,62,139,98,131,132,139,96,156,97,141,97,143
2,1429,62,139,98,131,132,139,96,157,97,141,97,142
2,1430,62,139,98,131,132,139,97,158,98,141,97,143
2,1431,62,138,98,131,132,140,97,158,97,140,97,144
2,1432,62,139,98,131,133,140,97,159,98,140,97,143
2,1433,62,139,98,131,132,140,97,157,98,140,98,142
2,1434,62,139,98,131,132,139,97,157,98,140,97,142
2,1435,61,139,98,131,132,139,97,157,98,140,97,142
2,1436,61,138,98,131,132,139,97,157,98,141,97,142
2,1437,61,139,98,131,132,139,96,158,98,141,97,143
2,1438,61,138,99,131,132,139,97,156,98,141,97,143
2,1439,61,138,99,131,133,140,97,157,98,141,97,143
2,1440,61,138,98,131,133,138,97,158,97,141,97,143
2,1441,62,138,98,131,132,139,97,157,98,141,97,142
2,1442,61,138,98,131,132,138,97,157,98,140,97,141
2,1443,62,138,99,131,133,139,97,157,98,141,98,143
2,1444,62,138,98,131,133,139,97,158,98,141,97,143
2,1445,61,138,98,131,133,138,97,157,97,140,97,143
2,1446,62,138,98,132,132,139,98,159,98,140,98,144
2,1447,62,139,98,131,133,139,97,158,98,141,97,142
2,1448,61,140,98,131,133,139,96,162,97,139,97,149
2,1449,62,140,98,130,133,139,97,165,98,138,97,151
2,1450,61,141,98,130,133,140,96,167,98,139,97,153
2,1451,61,141,98,130,132,139,97,169,98,138,97,155
2,1452,62,142,98,130,132,140,97,169,97,138,97,155
2,1453,61,141,98,130,132,140,97,169,97,138,97,156
2,1470,63,142,98,131,130,141,98,166,98,140,97,150
2,1471,63,142,98,130,131,140,97,167,98,139,97,152
2,1472,61,143,98,130,132,141,97,169,98,138,97,155
2,1473,61,143,98,130,132,142,97,169,97,138,97,154
2,1474,60,142,98,130,133,141,96,168,98,137,97,155
2,1475,60,141,97,129,134,141,95,168,97,138,95,153
2,1476,60,141,98,130,134,140,95,168,97,137,96,154
2,1477,60,141,97,129,135,140,96,168,98,138,95,154
2,1478,60,142,97,129,134,140,96,167,98,138,96,154
2,1489,62,142,98,131,131,140,96,169,98,140,97,154
2,1490,64,141,99,132,130,139,97,163,98,141,97,149
2,1491,62,141,99,131,131,139,97,166,98,140,97,151
2,1492,60,143,98,130,133,140,95,172,98,138,96,157
2,1493,61,142,98,130,133,140,96,172,98,138,96,158
2,1501,62,139,98,131,133,138,97,160,98,141,97,146
2,1502,62,141,99,132,132,139,97,168,98,140,97,153
2,1503,60,142,98,130,134,139,96,175,97,138,96,160
2,1504,59,140,97,130,135,139,96,174,97,138,96,160
2,1505,59,141,98,130,134,138,96,173,97,138,97,159
2,1506,59,141,98,129,135,138,97,174,97,138,97,159
2,1507,58,141,98,130,134,139,96,173,97,139,97,160
2,1508,59,140,98,130,135,138,96,172,98,138,96,158
2,1509,58,139,98,130,134,138,96,170,98,139,97,157
2,1510,57,139,98,130,134,138,97,170,98,139,97,155
2,1511,57,139,98,130,135,138,97,169,98,138,97,155
2,1512,58,139,99,131,134,137,96,168,98,139,97,154
2,1513,57,139,98,131,134,138,97,168,98,138,97,155
2,1514,57,139,99,130,134,138,97,168,98,138,97,154
2,1515,58,139,99,130,135,137,97,169,98,138,97,154
2,1516,58,140,99,129,134,138,96,169,98,138,96,154
2,1621,61,139,98,130,132,139,98,160,98,140,98,144
2,1622,61,139,98,131,133,139,97,159,97,141,98,144
2,1623,62,138,98,131,132,139,97,159,98,140,97,144
2,1624,61,139,98,130,133,139,97,159,98,140,97,144
2,1625,61,139,98,130,133,139,97,159,98,140,98,144
2,1626,61,139,98,130,133,139,97,160,98,141,97,145
2,1627,61,139,98,130,132,139,97,159,98,140,97,143
2,1628,62,140,98,131,132,139,97,159,97,140,98,144
2,1629,61,139,98,131,133,139,97,160,98,141,97,144
2,1630,62,139,98,131,132,139,98,159,97,141,98,143
2,1631,62,139,98,131,133,139,97,159,98,141,97,144
2,1632,62,139,98,131,133,140,98,160,98,142,98,144
2,1633,62,139,98,131,133,139,97,157,98,140,97,142
2,1634,62,139,98,131,133,139,97,157,97,140,97,142
2,1635,62,139,98,131,132,139,97,160,98,140,97,144
2,1636,62,139,98,131,132,139,97,159,98,140,97,144
2,1637,62,140,98,131,132,140,97,158,98,141,97,142
2,1638,63,140,98,131,133,139,97,158,98,141,97,144
2,1639,62,139,98,131,133,140,97,160,98,141,97,144
2,1640,63,140,98,131,133,139,97,158,98,141,97,142
2,1641,63,140,98,131,132,140,97,159,98,141,97,144
2,1642,62,140,98,131,132,139,97,158,97,141,97,143
2,1643,62,139,98,131,132,139,97,158,98,141,97,143
2,1644,62,139,98,131,133,139,97,159,98,141,97,144
2,1645,62,139,98,131,132,139,97,159,98,141,97,144
2,1646,62,140,98,131,132,139,97,158,97,140,97,143
2,1647,62,139,97,131,132,139,97,156,97,141,97,142
2,1648,61,140,98,131,132,140,97,161,98,141,97,145
2,1649,62,139,97,131,133,139,96,158,97,141,97,143
2,1650,63,140,97,131,132,139,97,157,97,142,97,142
2,1651,62,139,98,131,132,139,97,159,98,141,97,143
2,1652,63,139,98,131,132,139,97,157,98,141,97,142
2,1653,62,139,97,131,132,139,97,156,97,142,97,142
2,1654,62,139,97,131,132,139,97,157,97,141,97,142
2,1655,62,139,98,131,132,138,97,157,98,141,97,142
2,1656,62,140,98,131,132,139,96,159,98,141,97,144
2,1657,62,142,98,130,132,139,97,167,98,139,98,151
2,1658,61,142,98,130,132,140,98,169,98,138,98,155
2,1659,62,143,98,130,133,140,98,169,98,138,98,154
2,1660,63,143,98,129,131,141,98,170,98,138,98,156
2,1661,62,143,98,130,131,141,98,170,98,138,98,155
2,1680,63,140,98,131,131,139,98,159,98,141,98,144
2,1681,64,140,98,132,130,139,98,159,98,141,98,144
2,1682,64,140,98,132,130,139,98,158,98,141,98,143
2,1683,63,140,98,131,130,139,97,159,98,141,97,144
2,1684,63,139,98,132,131,139,97,159,97,141,97,144
2,1685,63,140,98,131,131,139,97,160,98,141,97,144
2,1686,63,140,97,131,131,139,97,160,97,140,96,145
2,1687,61,141,97,130,133,139,97,168,98,139,97,154
2,1688,62,142,97,130,132,139,97,168,98,138,97,154
2,1689,61,142,97,130,133,139,97,168,98,138,97,154
2,1690,62,142,97,130,133,140,97,167,98,138,97,153
2,1691,61,141,98,130,132,140,97,167,98,138,98,153
2,1692,62,141,98,131,131,140,97,163,98,139,97,149
2,1699,61,140,98,131,132,139,96,159,98,140,97,145
2,1700,61,140,98,131,131,139,96,163,98,139,97,148
2,1701,61,141,98,131,132,140,97,164,97,138,97,151
2,1702,60,141,98,130,132,140,97,170,97,138,97,156
2,1703,60,143,98,130,132,140,98,173,98,138,97,158
2,1704,60,143,98,130,131,140,98,173,98,139,98,158
2,1705,61,142,99,132,130,139,98,168,98,140,98,152
2,1706,63,142,99,131,130,139,98,163,98,141,99,149
2,1707,63,142,98,131,129,141,98,162,99,141,98,148
2,1708,62,142,99,131,131,140,97,164,98,139,97,150
2,1709,61,143,98,130,131,141,98,166,98,139,98,152
2,1710,62,142,98,130,130,140,97,166,98,139,97,152
2,1762,60,138,99,131,133,138,97,157,98,141,98,143
2,1763,60,139,99,130,133,139,98,158,98,141,98,143
2,1764,60,139,99,130,133,138,97,158,98,140,98,143
2,1765,60,139,98,131,133,139,97,158,98,141,97,143
2,1766,61,139,98,130,133,138,97,159,98,141,97,143
2,1767,60,139,99,131,133,138,97,159,98,141,98,143
2,1768,60,139,98,130,133,139,98,159,98,140,98,143
2,1769,60,139,98,130,133,138,98,158,98,140,98,143
2,1770,61,139,98,130,133,138,97,158,97,140,97,143
2,1771,61,139,98,130,132,138,97,159,97,141,97,143
2,1772,60,139,98,130,133,138,98,157,98,140,98,143
2,1773,61,139,99,131,133,139,97,158,98,141,98,143
2,1774,60,139,99,131,133,139,98,158,98,141,98,142
2,1775,61,139,98,130,133,139,97,158,98,141,98,143
2,1776,61,138,99,130,133,139,97,158,98,141,97,143
2,1777,61,138,98,131,133,139,98,158,98,141,98,143
2,1778,61,138,99,131,132,139,97,158,98,141,97,144
2,1779,61,138,99,131,132,139,97,159,98,141,97,144
2,1780,61,139,98,131,132,139,97,157,97,141,97,142
2,1781,61,139,98,130,133,138,98,158,98,141,98,142
2,1782,61,139,98,131,133,139,97,157,98,140,97,143
2,1783,61,139,99,130,133,139,97,158,98,140,97,144
2,1784,62,138,98,131,132,139,97,157,97,141,97,143
2,1785,61,138,98,130,133,139,97,157,98,141,97,142
2,1786,61,138,98,130,133,139,97,158,98,140,98,143
2,1787,60,138,98,131,133,138,97,157,98,141,98,142
2,1788,62,138,98,130,134,139,97,160,98,141,98,145
2,1789,62,138,98,130,133,139,97,160,98,140,98,144
2,1790,62,137,98,130,133,138,96,158,98,140,97,143
2,1925,61,137,98,131,132,136,97,165,97,138,97,151
2,1926,61,138,98,131,133,136,97,165,97,138,97,151
2,1927,61,138,98,130,133,137,97,166,97,137,97,152
2,1928,60,139,98,131,133,136,98,166,98,138,98,151
2,1929,60,139,98,130,134,137,98,166,98,138,98,152
2,1930,61,139,98,131,134,137,97,166,98,138,97,152
2,1931,61,139,98,131,133,138,97,167,98,138,98,153
2,1932,61,139,98,131,134,137,98,165,97,138,97,152
2,1933,60,140,98,131,134,137,97,166,98,138,98,153
2,1934,61,139,97,131,133,137,97,166,98,138,98,153
2,1935,60,139,98,131,133,137,98,166,98,138,97,153
2,1936,61,139,98,131,133,137,97,166,98,138,98,153
2,1937,61,139,98,131,133,137,97,166,97,137,98,152
2,1938,61,139,97,131,133,137,97,166,98,138,97,152
2,1939,60,139,98,130,133,136,97,166,98,138,98,153
2,1940,61,139,98,130,133,136,98,166,98,139,97,152
2,1941,61,140,98,130,133,136,97,166,97,138,98,153
2,1942,61,139,98,130,133,137,97,166,97,138,97,153
2,1943,60,139,98,131,133,137,97,166,98,139,97,153
2,1944,61,139,98,131,133,136,96,166,97,138,97,153
2,1945,60,138,97,131,134,135,97,165,97,138,97,152
2,1946,60,138,97,131,134,136,97,166,98,139,97,153
2,1947,61,138,97,131,134,136,97,165,97,138,97,152
2,1948,60,138,97,131,134,136,97,166,98,138,97,153
2,1949,60,138,98,131,135,136,97,166,97,138,97,152
2,1950,61,138,98,131,135,136,96,166,97,138,97,153
2,1951,60,138,98,131,134,135,97,166,97,138,97,153
2,1952,60,139,98,130,134,136,97,166,97,138,97,152
2,1966,61,139,98,131,133,136,97,168,98,139,97,154
2,1967,59,139,98,130,134,136,97,168,98,138,97,154
2,1968,59,139,97,130,134,137,96,167,97,138,96,153
2,1969,59,140,98,130,135,138,97,171,97,138,97,157
2,1970,60,140,98,130,134,138,97,170,97,138,97,157
2,1973,62,140,99,131,131,137,98,167,98,139,97,152
2,1974,63,140,99,132,130,138,97,161,98,140,98,146
2,1975,64,142,99,132,128,139,97,167,98,140,97,151
2,1976,64,140,99,133,128,139,97,161,98,142,98,146
2,2050,62,137,98,131,133,138,97,160,98,140,98,145
2,2051,61,137,98,131,133,137,97,160,97,140,98,145
2,2052,61,137,98,131,133,137,97,159,98,140,97,144
2,2053,62,137,98,132,134,137,97,159,98,141,98,144
2,2054,61,137,98,131,133,138,97,161,98,140,97,145
2,2055,62,137,98,131,134,138,97,158,98,140,97,144
2,2056,61,137,98,131,133,138,97,158,98,140,97,142
2,2057,61,137,98,131,133,137,97,157,98,141,98,142
2,2058,62,137,98,131,133,137,97,159,98,141,98,144
2,2059,61,137,99,131,133,137,97,159,98,141,97,143
2,2060,61,137,98,131,133,137,97,158,97,141,97,143
2,2061,61,136,98,131,133,137,97,158,98,141,97,143
2,2062,61,137,98,131,134,137,97,161,98,141,97,145
2,2063,61,137,98,131,134,137,97,158,97,141,97,143
2,2064,62,137,98,131,134,137,97,158,98,140,98,144
2,2065,62,137,98,131,134,137,97,160,98,140,98,145
2,2066,60,137,98,131,134,136,96,157,97,141,97,144
2,2067,61,137,98,131,133,136,97,157,98,141,97,143
2,2068,61,137,98,131,134,136,97,156,97,141,97,143
2,2069,61,137,98,131,134,137,97,157,97,141,96,143
2,2070,61,137,98,131,134,137,97,157,98,141,97,143
2,2071,61,137,97,131,134,137,96,157,98,141,97,142
2,2072,62,137,97,131,133,137,97,157,98,141,97,142
2,2073,62,138,97,131,133,137,97,158,97,141,97,144
2,2074,61,137,98,131,134,137,97,157,97,140,97,143
2,2075,61,137,98,130,133,137,97,158,98,141,97,143
2,2076,61,137,98,131,133,137,96,159,97,141,97,143
2,2077,62,137,98,131,133,137,97,159,97,140,97,143
2,2078,62,137,98,131,134,137,97,160,97,141,97,144
2,2079,61,137,98,131,133,137,97,159,98,141,97,143
2,2080,62,138,98,131,133,137,97,160,98,140,98,145
2,2081,62,138,98,131,133,137,97,160,98,140,97,146
2,2082,63,137,98,131,132,138,97,157,98,140,97,143
2,2083,62,138,98,131,133,138,97,159,97,141,97,144
2,2084,63,138,98,131,133,138,97,160,98,141,97,145
2,2085,63,139,98,131,133,138,97,160,98,140,97,145
2,2086,63,140,98,130,133,138,97,164,98,139,97,149
2,2087,62,140,98,130,133,138,97,166,98,139,97,152
2,2088,62,141,98,130,133,139,97,168,98,138,97,154
2,2089,61,142,98,130,133,139,97,169,97,138,97,155
2,2115,60,143,97,129,133,140,99,173,98,138,99,160
2,2116,61,142,98,130,133,140,98,173,97,137,99,159
2,2117,60,142,98,130,133,140,99,171,98,138,98,158
2,2118,61,141,98,131,133,140,98,171,98,138,98,157
2,2119,60,142,98,130,133,139,98,169,98,138,98,156
2,2187,61,137,98,131,133,138,97,157,98,140,97,142
2,2188,61,137,98,131,133,138,96,157,98,141,97,142
2,2189,61,137,99,131,133,138,97,160,98,142,97,143
2,2190,62,138,98,131,132,138,96,158,98,141,97,143
2,2191,61,137,98,131,133,138,97,157,98,141,97,143
2,2192,61,137,98,131,132,138,97,157,98,140,97,142
2,2193,61,138,99,131,132,138,97,158,98,140,97,142
2,2194,61,137,99,131,133,138,97,159,98,140,97,143
2,2195,61,137,99,131,132,139,97,159,98,140,97,143
2,2196,62,138,98,131,133,139,97,158,98,140,97,142
2,2197,61,137,99,131,132,138,97,157,98,141,97,142
2,2198,61,137,99,132,132,138,97,157,98,141,97,142
2,2199,61,137,98,132,132,138,97,158,98,141,97,143
2,2200,62,137,98,131,133,138,97,157,98,141,98,142
2,2201,62,138,98,131,132,138,97,157,98,140,97,142
2,2202,62,138,98,131,132,138,97,156,97,141,97,142
2,2203,62,138,98,131,132,138,97,157,97,140,97,142
2,2204,61,138,98,131,132,138,97,157,97,140,97,142
2,2205,62,138,98,131,133,138,97,157,98,140,97,142
2,2206,62,138,98,132,132,138,97,157,98,141,97,142
2,2207,62,138,98,132,132,138,97,157,98,141,97,142
2,2208,62,137,98,131,133,138,97,157,98,140,98,142
2,2209,62,137,98,131,133,138,97,157,97,141,97,142
2,2210,61,138,98,131,133,138,97,156,98,140,97,141
2,2211,62,138,98,131,132,138,97,156,97,141,97,141
2,2212,61,138,98,131,133,138,97,156,98,141,97,141
2,2213,62,138,99,132,133,138,97,157,98,141,97,142
2,2214,62,138,98,131,132,138,97,156,98,141,97,142
2,2215,62,138,98,131,132,138,97,157,98,141,97,142
2,2216,62,137,98,132,133,138,96,156,98,141,97,142
2,2217,61,138,99,131,132,138,97,156,98,141,97,142
2,2218,62,138,98,131,132,138,97,158,98,141,97,142
2,2219,63,138,98,131,132,138,97,157,98,141,97,142
2,2220,62,138,98,132,132,138,97,158,98,141,97,144
2,2221,62,138,98,131,132,138,97,157,98,140,98,142
2,2222,62,138,98,131,132,138,97,157,98,141,97,142
2,2223,62,138,99,131,132,139,98,161,98,140,97,145
2,2224,62,138,98,132,133,138,97,157,98,140,98,142
2,2225,62,138,98,131,132,138,97,158,98,141,98,142
2,2226,63,138,98,131,132,138,97,157,98,140,98,142
2,2227,61,138,98,131,132,138,97,156,98,141,97,142
2,2228,62,138,98,131,131,137,97,156,97,141,97,141
2,2229,62,137,98,131,132,138,97,156,98,141,97,142
2,2230,62,137,98,131,133,138,97,156,97,141,97,142
2,2231,62,137,98,131,133,138,97,156,97,140,97,142
2,2232,61,137,98,131,133,138,97,156,98,141,97,142
2,2233,61,138,98,131,133,138,96,156,98,141,97,141
2,2234,62,137,98,131,132,137,96,156,97,140,97,142
2,2235,62,138,98,132,132,137,96,156,98,141,97,141
2,2236,62,138,98,131,132,138,97,156,97,141,97,142
2,2237,62,138,98,131,132,137,97,157,97,141,97,143
2,2238,61,138,98,131,132,137,97,156,97,141,97,142
2,2239,62,138,99,131,132,137,97,158,98,141,97,142
2,2240,62,138,99,131,132,137,97,158,98,141,97,142
2,2241,62,137,98,132,132,138,97,156,97,141,97,142
2,2242,62,138,98,131,132,137,97,156,97,141,97,141
2,2243,61,137,98,131,132,137,97,156,97,142,97,142
2,2244,61,137,98,131,132,137,97,156,97,142,97,142
2,2245,62,138,99,132,132,138,97,158,98,140,97,143
2,2267,64,142,99,131,129,139,98,166,98,140,98,150
2,2268,65,143,98,131,127,141,98,168,98,141,98,151
2,2269,64,142,98,132,128,141,98,164,98,141,98,148
2,2270,65,142,98,132,127,140,97,163,98,141,98,148
2,2271,65,141,99,131,128,140,98,160,98,141,98,145
2,2272,63,141,99,132,128,141,98,163,98,141,98,148
2,2273,61,143,98,130,130,141,97,170,98,138,97,156
2,2274,60,142,98,130,132,140,97,172,97,138,97,158
2,2275,60,141,99,130,132,139,97,172,98,137,98,158
2,2276,59,141,98,130,132,139,97,171,98,138,97,157
2,2277,60,141,99,129,132,139,97,171,98,138,97,156
2,2278,60,141,98,130,133,139,97,168,98,138,97,154
2,2279,60,140,99,130,133,139,98,167,98,138,98,153
2,2280,60,139,99,130,132,139,97,163,98,139,98,149
2,2281,60,138,99,130,132,138,98,160,98,140,98,145
2,2282,61,137,99,132,131,138,97,158,98,141,98,143
2,2283,60,138,99,131,132,138,97,159,98,141,98,143
2,2284,61,138,99,132,130,138,97,158,98,141,98,143
2,2285,61,138,99,132,131,139,97,158,98,141,98,143
2,2286,60,139,99,131,131,139,97,161,98,140,97,147
2,2287,60,139,99,131,132,139,97,163,98,139,97,148
2,2288,61,139,99,130,132,139,97,163,98,139,98,148
2,2289,61,139,99,131,132,139,98,161,99,140,98,147
2,2297,61,138,99,131,131,138,97,158,98,141,98,142
2,2298,60,137,99,131,131,138,97,157,98,141,98,142
2,2299,60,138,99,131,132,138,97,158,98,140,97,143
2,2300,61,139,99,130,132,139,97,163,98,139,97,148
2,2301,59,141,99,131,132,139,96,168,98,138,97,154
2,2302,60,142,98,130,132,139,97,169,98,138,97,155
2,2303,59,141,99,130,132,139,97,169,98,138,97,154
2,2304,60,141,98,130,132,139,97,167,98,138,97,153
2,2305,60,141,98,130,132,140,97,168,98,138,98,153
2,2306,60,141,99,130,132,139,97,167,98,138,97,153
2,2307,60,141,98,130,132,140,98,166,98,138,98,152
2,2308,60,141,99,131,132,139,97,166,98,138,98,152
2,2309,59,140,98,130,132,139,98,165,98,138,98,151
2,2310,60,139,99,130,133,139,97,162,98,139,98,147
2,2311,60,139,99,131,132,138,97,157,98,140,98,143
2,2312,60,138,98,131,132,138,97,157,98,140,98,143
2,2313,60,137,99,131,132,138,98,156,98,141,97,143
2,2314,60,138,98,131,131,138,97,156,98,141,98,142
2,2315,60,139,99,130,131,138,97,161,98,139,98,146
2,2369,62,137,99,131,132,138,97,160,98,141,98,143
2,2370,61,138,99,131,132,139,98,159,98,141,97,144
2,2371,61,138,98,130,133,138,97,158,98,141,98,142
2,2372,61,138,99,131,133,139,98,160,98,140,97,144
2,2373,61,138,98,131,133,139,97,158,98,141,98,142
2,2374,61,138,98,131,132,138,97,157,97,141,97,142
2,2375,62,138,99,130,132,138,98,158,98,141,98,143
2,2376,62,138,99,131,132,138,98,158,98,141,98,143
2,2377,62,139,98,131,131,138,97,158,98,141,97,143
2,2378,62,138,98,131,132,138,97,157,98,141,98,142
2,2379,61,138,98,131,132,138,97,158,98,141,98,143
2,2380,61,138,98,131,132,139,98,159,98,141,98,143
2,2381,61,138,98,131,131,139,97,159,98,141,98,143
2,2382,62,138,99,130,132,139,98,158,98,141,97,143
2,2383,62,138,98,131,132,138,97,158,98,141,97,143
2,2384,62,138,98,131,132,139,97,159,98,141,97,143
2,2385,61,138,98,131,132,139,97,158,98,141,98,143
2,2386,61,138,98,131,132,139,97,158,98,141,98,142
2,2387,61,138,98,131,132,138,97,158,98,141,98,143
2,2388,62,139,98,131,131,139,97,158,98,140,98,143
2,2389,61,138,98,131,133,138,97,159,98,140,98,144
2,2390,61,137,98,131,132,138,97,158,97,141,97,142
2,2391,61,137,98,131,132,138,97,159,97,141,97,143
2,2392,61,138,98,131,132,139,97,158,98,140,98,142
2,2393,61,138,98,131,132,139,97,159,98,140,97,143
2,2394,62,138,98,131,132,139,97,159,98,141,98,144
2,2395,62,138,98,131,133,138,97,159,98,141,98,143
2,2396,61,138,98,131,133,138,98,159,98,140,97,145
2,2397,61,138,98,131,133,139,97,158,97,141,97,143
2,2398,61,138,98,131,133,138,98,159,97,141,97,143
2,2399,62,137,98,131,133,139,97,158,97,141,98,143
2,2400,62,138,98,131,132,138,97,158,98,141,98,142
2,2401,61,138,98,131,133,138,97,157,98,141,98,142
2,2402,61,139,98,131,132,138,98,158,97,141,98,142
2,2403,62,138,98,131,132,138,97,158,98,140,97,143
2,2404,62,138,98,131,132,138,97,159,98,141,98,143
2,2405,62,138,97,131,133,138,97,158,98,141,97,142
2,2406,62,138,98,131,132,138,97,157,98,141,97,142
2,2407,62,137,98,131,132,138,96,159,97,141,97,143
2,2408,62,137,98,131,133,138,97,158,98,141,97,143
2,2409,62,138,99,131,131,138,98,159,98,141,97,144
2,2410,62,139,98,131,131,139,97,158,98,140,97,143
2,2411,62,138,98,132,132,138,98,159,98,140,98,144
2,2412,61,138,98,131,132,138,97,158,98,141,97,142
2,2413,61,138,98,131,133,138,97,158,98,141,98,143
2,2414,61,139,98,131,132,139,97,158,98,140,98,143
2,2415,61,138,98,131,132,138,98,158,98,140,97,142
2,2416,61,138,98,131,132,139,97,158,98,140,98,143
2,2417,61,138,98,131,132,139,97,159,98,140,98,142
2,2418,61,138,99,131,132,139,98,158,98,140,97,142
2,2419,61,138,98,131,132,138,97,158,98,141,97,142
2,2429,62,139,99,132,131,138,98,158,98,141,98,143
2,2430,62,140,98,131,131,138,98,162,98,140,97,147
2,2431,61,141,99,130,131,139,96,167,98,138,97,153
2,2432,60,142,98,130,132,139,97,169,98,138,97,156
2,2433,60,141,98,130,132,139,98,169,98,138,97,155
2,2434,61,142,98,130,131,140,97,171,98,138,97,158
2,2453,62,142,98,130,132,141,98,168,98,136,98,154
2,2454,63,143,97,129,132,143,99,168,98,137,98,153
2,2455,63,143,98,129,133,142,99,166,98,137,99,152
2,2456,62,143,98,129,132,142,98,167,98,137,98,152
2,2457,62,143,98,129,130,142,99,169,98,137,98,154
2,2458,62,143,98,129,132,141,98,169,98,138,98,154
2,2459,61,142,97,130,132,140,97,170,97,137,97,155
2,2460,61,143,98,130,132,140,98,173,98,137,99,159
2,2461,61,143,97,130,133,140,98,172,97,137,98,159
2,2462,61,142,98,130,132,139,97,172,98,138,98,158
2,2463,62,143,97,130,133,140,97,171,98,138,97,157
2,2573,61,137,98,131,132,137,97,158,98,141,98,143
2,2574,60,136,99,131,133,137,98,157,98,141,98,142
2,2575,60,136,99,131,133,136,98,157,98,141,98,142
2,2576,61,136,98,131,133,136,97,157,98,141,98,142
2,2577,60,136,99,131,133,137,97,157,98,141,97,142
2,2578,61,137,99,131,132,136,97,157,98,141,98,142
2,2579,61,138,98,131,133,137,97,156,97,140,97,141
2,2580,61,138,98,130,132,138,97,158,98,141,97,143
2,2659,61,138,99,130,132,139,97,158,98,141,98,143
2,2660,62,139,99,130,132,140,97,158,98,140,98,142
2,2661,62,139,98,130,133,139,97,158,97,140,97,142
2,2662,61,139,99,130,132,139,97,158,98,141,98,143
2,2663,62,138,98,130,133,140,97,158,98,141,98,143
2,2664,62,138,98,130,133,140,97,158,98,141,97,142
2,2665,62,139,98,130,133,140,98,158,98,141,98,143
2,2666,62,139,98,130,132,140,97,159,98,141,98,144
2,2667,62,138,98,130,133,140,98,158,98,141,98,143
2,2668,61,138,99,130,132,140,97,159,98,141,98,143
2,2669,61,138,99,130,133,140,98,159,98,141,98,143
2,2670,62,138,99,130,133,140,97,158,98,141,98,142
2,2671,62,138,98,131,132,140,97,158,98,141,97,142
2,2672,62,138,98,130,133,140,97,158,98,141,97,142
2,2673,61,138,99,131,132,139,97,158,98,141,98,143
2,2674,62,138,98,131,132,139,98,161,98,141,98,145
2,2675,61,139,98,130,132,139,97,158,98,141,97,143
2,2676,61,139,99,130,132,139,98,157,98,141,98,142
2,2677,61,139,99,130,131,139,97,158,98,141,98,142
2,2678,62,139,98,131,132,138,97,157,98,141,97,142
2,2679,62,138,98,130,133,139,97,158,98,141,97,142
2,2680,62,139,98,130,132,139,98,157,98,141,98,142
2,2681,61,138,99,131,132,139,97,157,98,141,98,142
2,2682,61,138,99,130,132,139,97,159,98,141,98,143
2,2683,61,138,98,130,132,139,97,158,98,141,97,142
2,2684,61,138,98,130,132,139,97,157,98,141,97,142
2,2685,61,139,99,131,131,138,98,158,98,141,98,142
2,2686,61,139,98,130,133,139,97,159,98,141,97,143
2,2687,62,139,98,130,133,139,98,157,98,141,98,141
2,2688,62,138,98,130,133,139,97,157,98,141,98,142
2,2689,62,138,98,130,133,139,97,157,98,141,97,142
2,2690,62,138,98,130,133,139,97,157,98,141,97,142
2,2691,62,138,98,131,133,139,98,157,98,141,98,142
2,2692,62,138,98,130,133,139,97,158,98,141,98,142
2,2693,62,139,98,130,132,139,97,157,98,141,98,142
2,2694,62,138,98,131,133,138,98,157,98,141,98,141
2,2695,61,139,98,130,133,139,97,157,98,140,97,142
2,2696,61,138,98,130,132,139,97,157,98,141,98,142
2,2697,61,138,98,131,133,138,98,157,98,140,98,142
2,2698,62,139,98,131,132,138,98,158,98,140,98,142
2,2699,61,139,98,130,133,138,98,157,98,140,98,142
2,2700,61,139,98,130,133,138,98,157,98,141,98,142
2,2701,61,139,98,130,133,139,98,157,98,141,98,142
2,2702,62,138,98,131,133,139,97,157,98,141,98,142
2,2858,60,138,97,131,133,136,97,166,97,139,97,153
2,2859,60,138,98,132,134,135,97,165,98,139,97,153
2,2860,59,138,97,131,133,136,97,166,97,138,97,153
2,2861,60,138,98,132,134,135,97,166,97,138,97,153
2,2862,60,137,97,131,134,136,97,166,98,138,97,152
2,2863,59,138,98,132,134,135,97,166,97,138,97,153
2,2864,60,138,98,131,134,136,97,167,97,138,97,153
2,2865,60,138,97,132,135,135,97,166,98,139,97,152
2,2866,60,137,98,131,135,135,97,166,97,138,97,153
2,2867,60,138,98,131,135,135,97,166,97,139,97,153
2,2868,59,137,98,131,134,135,97,167,97,138,97,153
2,2869,60,137,98,131,134,135,97,166,97,138,97,152
2,2870,60,137,98,131,134,135,97,166,97,138,97,153
2,2871,60,137,98,131,134,135,97,165,97,138,98,152
2,2872,60,137,98,131,134,136,97,167,98,138,97,153
2,2873,60,137,98,131,133,136,98,166,97,138,97,152
2,2874,60,138,98,131,133,135,97,166,97,138,98,152
2,2875,60,138,98,131,134,136,97,166,98,137,98,153
2,2876,60,139,98,130,134,136,97,167,97,138,97,153
2,2877,60,139,98,130,134,137,97,166,97,138,97,152
2,2878,60,139,98,130,135,137,98,166,98,137,98,152
2,2879,60,139,98,130,134,137,97,166,98,138,98,152
2,2880,60,139,99,131,134,137,98,167,98,137,98,152
2,2881,61,139,98,130,134,137,98,167,97,138,98,152
2,2882,61,139,98,131,133,138,98,165,98,138,97,151
2,2883,62,139,97,130,133,138,98,165,97,139,98,151
2,2884,62,139,97,131,133,137,97,163,97,140,98,149
2,2885,63,139,97,131,132,138,97,163,98,140,98,149
2,2886,63,139,98,131,132,138,97,161,98,140,98,147
2,2887,63,138,97,131,132,138,97,161,97,140,97,147
2,2888,64,139,97,131,131,138,97,160,97,140,97,146
2,2889,63,139,98,131,131,138,97,160,97,141,97,145
2,2890,64,138,97,131,131,138,97,159,98,141,96,144
2,2891,63,138,98,131,132,138,97,160,98,140,97,146
2,2892,64,138,98,132,132,138,96,160,98,141,96,145
2,2893,64,139,98,132,132,138,96,160,98,140,97,146
2,2894,64,139,98,131,132,138,97,159,97,141,97,145
2,2895,63,138,98,131,132,138,97,159,97,141,97,143
2,2896,64,138,98,132,132,139,97,158,97,141,97,143
2,2897,64,138,98,132,131,138,96,157,98,141,96,144
2,2898,64,138,98,131,132,138,97,159,98,141,97,144
2,2899,64,138,98,131,132,138,96,160,98,141,97,146
2,2900,64,138,98,132,132,138,97,159,97,141,97,145
2,2901,63,140,98,131,132,138,97,164,98,138,97,151
2,2902,63,140,98,130,133,138,98,167,98,139,98,154
2,2903,63,140,97,131,133,138,98,168,97,138,97,155
2,2908,63,141,97,131,134,138,97,169,97,138,98,156
2,2909,62,141,97,131,134,137,98,168,97,138,97,155
2,2910,63,141,97,130,133,137,98,169,97,138,97,155
2,2911,62,140,97,131,132,138,98,168,97,138,98,155
2,2912,62,140,98,130,133,138,98,169,97,138,98,155
2,2913,62,140,97,130,133,138,98,169,97,138,98,156
2,2914,62,141,97,130,133,138,98,171,98,138,99,157
2,2999,62,139,98,131,132,139,97,159,98,141,97,144
2,3000,62,139,98,130,132,139,96,159,98,141,97,143
2,3001,62,139,98,130,132,140,97,161,98,140,97,146
2,3002,62,139,98,130,132,140,97,158,98,140,97,144
2,3003,62,139,97,131,132,140,97,158,98,141,97,143
2,3004,62,140,98,130,133,140,97,159,97,140,97,144
2,3005,62,140,98,130,133,140,97,158,97,140,97,143
2,3006,62,140,97,130,133,140,96,158,97,140,97,143
2,3007,61,140,98,130,133,140,96,158,97,140,96,143
2,3008,62,140,97,130,133,140,96,156,97,141,97,142
2,3009,61,140,98,130,133,139,97,156,97,141,96,142
2,3010,62,141,97,130,132,139,96,157,98,141,97,142
2,3011,61,140,98,130,132,139,97,158,98,141,97,143
2,3012,61,140,97,130,133,140,97,157,98,140,97,142
2,3013,62,140,98,130,133,140,96,158,97,141,96,143
2,3014,61,140,98,130,132,139,96,159,98,141,97,144
2,3015,61,140,97,130,133,139,96,157,97,141,97,142
2,3016,61,140,97,130,133,140,96,160,97,140,97,145
2,3017,62,140,97,130,133,139,96,159,97,141,97,144
2,3018,62,139,98,130,133,139,96,157,98,140,97,142
2,3019,62,139,97,130,133,139,97,156,97,140,96,141
2,3020,62,140,97,130,133,139,96,159,97,140,97,144
2,3021,62,139,98,130,133,139,96,157,98,141,97,142
2,3022,62,140,98,130,132,139,97,160,97,140,97,144
2,3023,62,140,98,131,132,139,98,161,98,140,97,145
2,3024,62,139,98,131,133,138,97,160,97,141,97,145
2,3025,61,138,98,131,133,138,97,159,98,141,97,144
2,3026,62,138,98,131,133,138,97,160,98,141,97,145
2,3027,62,139,98,131,132,139,97,159,97,140,97,144
2,3028,62,139,98,131,133,138,96,157,97,141,96,142
2,3029,61,139,98,131,133,138,96,158,98,141,97,143
2,3030,61,138,98,131,133,138,97,158,97,140,97,143
2,3031,61,138,98,131,133,138,97,159,98,141,97,145
2,3032,62,138,98,131,133,138,97,161,98,141,97,146
2,3033,62,137,98,131,133,138,97,157,97,142,97,143
2,3034,61,138,99,131,132,139,97,159,98,141,97,144
2,3035,62,138,98,131,133,138,97,161,98,141,97,146
2,3036,62,138,98,131,132,138,97,159,98,141,97,143
2,3037,61,137,99,131,132,138,98,162,98,141,98,146
2,3038,62,137,98,130,132,138,97,161,98,141,97,144
2,3039,62,137,98,130,133,138,97,160,98,141,97,144
2,3040,62,137,98,131,132,138,96,157,97,141,96,143
2,3041,61,137,98,130,132,139,97,159,98,141,97,143
2,3042,62,138,98,130,132,138,96,160,97,141,96,144
2,3043,61,138,98,131,133,138,96,159,97,140,97,144
2,3066,61,144,98,128,132,142,97,172,97,137,97,158
2,3067,61,143,98,129,132,141,98,171,97,137,98,157
2,3068,61,143,97,130,131,140,97,169,98,139,98,155
2,3069,61,142,98,130,131,140,98,167,98,139,98,152
2,3070,61,143,98,129,131,141,97,167,97,139,97,152
2,3071,60,143,98,129,132,142,97,168,98,138,97,153
2,3072,60,142,98,130,132,140,98,168,98,137,97,154
2,3073,60,142,98,130,131,140,97,168,98,138,98,155
2,3074,60,142,98,130,132,139,97,169,98,138,97,154
2,3075,60,142,98,130,131,139,97,168,98,137,98,154
2,3076,60,142,98,130,132,139,98,168,97,139,97,153
2,3077,60,141,99,130,132,140,98,167,98,139,97,152
2,3078,59,141,99,130,131,139,97,167,98,138,98,152
2,3079,60,140,99,130,131,139,97,165,98,140,98,150
2,3080,60,140,99,130,131,139,97,164,98,139,98,149
2,3081,60,140,98,130,132,139,97,163,98,139,98,148
2,3082,61,140,98,130,131,139,98,162,98,139,98,147
2,3083,60,139,98,130,132,139,98,161,98,139,97,146
2,3084,61,139,98,131,131,138,97,160,97,141,97,143
2,3085,61,139,98,131,131,138,97,160,98,141,97,144
2,3086,62,139,98,130,131,139,97,159,98,141,97,142
2,3087,62,138,98,131,130,138,97,158,97,141,97,143
2,3088,62,138,98,131,131,138,97,158,97,142,96,142
2,3089,61,138,98,131,130,138,97,158,97,141,97,142
2,3090,62,138,98,131,130,138,97,159,98,141,98,144
2,3091,61,138,98,131,131,138,97,159,98,141,97,144
2,3092,62,138,98,131,132,138,97,160,98,141,98,145
2,3093,62,138,99,131,131,138,97,158,98,141,97,143
2,3094,62,139,98,131,131,138,97,158,98,141,97,142
2,3095,62,138,98,131,131,138,97,160,97,141,97,144
2,3096,61,138,98,131,131,138,97,158,97,140,97,143
2,3097,61,138,98,131,131,138,97,158,98,141,98,141
2,3098,61,138,98,130,131,138,96,158,98,141,97,142
2,3099,61,138,98,131,132,138,97,159,97,142,97,143
2,3100,61,138,98,131,132,138,97,158,98,141,98,142
2,3101,62,138,98,131,131,137,97,159,97,141,97,143
2,3102,62,138,98,130,131,138,97,159,98,141,97,143
2,3103,62,138,98,131,132,138,97,158,98,141,97,143
2,3104,62,138,98,130,131,137,97,158,97,141,97,142
2,3105,62,138,98,130,132,138,97,158,98,141,98,142
2,3106,62,138,98,130,131,138,96,159,98,141,97,142
2,3107,61,138,98,130,132,138,97,158,98,141,98,142
2,3108,62,138,98,131,131,139,97,158,98,141,97,142
2,3109,61,138,98,130,132,138,97,158,98,141,97,142
2,3110,62,137,98,131,132,138,97,159,97,141,98,143
2,3111,61,138,98,131,132,138,97,161,98,141,97,144
2,3112,62,138,98,131,131,138,97,159,97,141,97,143
2,3113,62,138,98,131,132,138,97,158,97,141,97,142
2,3114,61,138,98,131,132,138,97,158,98,141,97,143
2,3115,61,138,98,131,131,138,97,160,97,141,97,143
2,3116,62,138,98,130,131,138,97,157,97,141,97,141
2,3117,62,138,99,131,131,139,98,159,98,141,97,143
2,3118,61,137,98,131,132,138,97,158,98,141,97,142
2,3119,61,138,99,131,132,138,97,159,98,141,97,142
2,3120,61,138,98,131,132,138,97,159,98,141,97,143
2,3121,61,138,98,131,132,138,97,157,98,140,97,142
2,3122,61,138,98,131,133,139,96,158,98,141,97,142
2,3123,62,138,98,131,132,138,97,158,98,141,97,142
2,3124,61,138,98,130,133,138,97,158,97,141,96,141
2,3125,61,138,98,131,133,137,97,157,98,141,97,142
2,3126,61,137,98,131,133,137,97,157,97,141,96,142
2,3127,61,138,98,131,133,138,96,157,98,141,96,143
2,3128,61,137,98,131,133,137,97,157,98,141,97,143
2,3129,61,137,98,131,133,137,97,157,98,141,97,143
2,3130,61,137,98,131,133,137,97,157,97,141,97,143
2,3131,60,138,98,131,132,137,97,158,98,141,97,143
2,3132,60,137,98,131,132,137,97,158,98,141,97,143
2,3133,61,137,98,131,132,137,97,158,98,141,97,142
2,3134,61,137,99,131,132,137,97,158,98,141,97,143
2,3173,65,142,98,132,130,140,97,166,97,141,97,151
2,3174,65,141,97,132,130,140,96,160,97,142,96,145
2,3175,65,142,97,131,130,141,96,163,97,140,97,148
2,3176,64,144,98,130,132,141,97,169,97,138,97,155
2,3177,63,144,97,130,132,140,97,168,97,138,97,154
2,3178,63,143,97,130,132,141,96,167,97,138,97,153
2,3179,62,142,98,130,132,140,97,166,97,138,97,152
2,3180,62,142,98,130,132,139,98,167,97,138,97,152
2,3181,62,142,97,130,133,139,97,166,97,138,97,151
2,3182,62,141,97,131,133,139,97,165,97,138,97,151
2,3183,61,141,97,131,133,139,97,164,97,138,97,151
2,3184,61,141,98,130,134,140,97,164,97,138,97,150
2,3185,61,141,98,130,134,140,97,163,98,138,98,149
2,3186,62,141,97,130,133,139,96,161,97,139,97,148
2,3187,61,139,98,131,134,139,96,159,98,139,96,145
2,3188,61,140,97,131,133,138,96,159,97,140,96,145
2,3189,61,139,98,130,132,139,97,157,97,141,96,141
2,3190,62,138,98,131,133,139,96,159,98,141,97,144
2,3191,62,139,98,131,132,140,97,158,97,141,97,143
2,3192,62,138,98,131,133,140,96,160,98,141,97,144
2,3193,62,139,98,131,132,140,97,160,98,140,97,145
2,3194,62,138,98,130,132,139,97,157,97,141,96,141
2,3195,62,138,98,131,133,139,96,158,98,141,97,143
2,3196,62,139,98,130,132,139,97,161,97,140,97,146
2,3197,62,138,98,131,133,140,96,159,98,141,96,143
2,3198,61,138,98,130,133,139,96,160,98,142,97,144
2,3199,62,139,98,130,133,139,96,160,98,141,97,144
2,3200,62,138,98,130,133,140,97,161,98,140,97,145
2,3201,62,138,98,130,133,139,96,159,98,141,97,143
2,3202,61,138,98,130,133,139,96,158,98,140,96,142
2,3203,62,139,98,130,133,140,96,157,97,141,96,143
2,3204,62,138,98,130,133,139,96,159,98,141,97,143
2,3205,61,138,98,131,133,140,96,159,97,141,96,144
2,3206,62,138,98,131,132,140,96,157,98,140,96,142
2,3207,62,139,98,131,132,139,96,157,98,141,97,142
2,3208,61,139,98,131,133,140,97,159,97,140,97,145
2,3209,61,138,98,131,133,139,96,157,98,141,96,143
2,3210,62,139,98,131,132,139,96,156,98,141,97,142
2,3211,61,138,98,131,133,139,97,157,98,141,97,143
2,3212,61,138,98,131,133,139,96,157,97,141,97,143
2,3213,61,139,98,130,133,139,96,157,98,140,96,142
2,3214,61,138,98,131,133,139,97,156,98,141,97,142
2,3215,62,139,98,131,132,139,97,158,98,140,97,142
2,3216,62,139,98,130,133,138,97,157,98,140,97,141
2,3217,62,139,98,130,132,139,97,157,98,141,97,142
2,3218,61,139,97,130,133,138,96,157,98,141,97,142
2,3219,62,139,98,130,132,139,97,160,98,140,97,144
2,3220,60,139,98,131,132,139,97,160,97,140,97,144
2,3221,61,139,98,131,131,138,97,158,97,141,97,142
2,3222,61,140,98,131,132,138,96,158,98,141,96,143
2,3223,61,139,97,131,132,138,96,158,98,140,97,142
2,3224,61,140,98,131,131,138,97,158,97,141,97,143
2,3225,62,139,98,131,132,138,97,157,98,141,97,142
2,3226,61,139,98,131,131,138,97,161,97,140,97,145
2,3227,61,139,98,131,131,139,97,158,97,141,97,144
2,3228,61,139,98,131,132,138,96,158,97,141,97,143
2,3229,61,139,98,131,132,139,97,159,97,141,97,142
2,3230,61,139,98,131,132,139,96,159,97,141,97,143
2,3231,62,139,98,131,131,139,97,159,97,141,97,144
2,3232,62,139,98,131,131,138,97,158,98,141,97,142
2,3233,62,139,98,131,131,138,97,159,97,141,97,143
2,3234,61,140,98,131,132,139,96,158,98,140,96,144
2,3235,62,140,98,131,131,139,96,158,98,141,97,143
2,3236,62,139,97,131,131,140,96,158,97,141,96,143
2,3237,61,140,98,131,131,139,97,157,97,141,97,142
2,3238,62,139,98,130,132,139,97,160,97,141,96,143
2,3239,61,139,97,131,131,138,97,158,97,141,96,143
2,3240,61,140,98,130,131,138,97,157,98,140,97,142
2,3241,61,140,97,131,132,139,96,158,97,141,96,142
2,3242,62,139,98,131,131,139,96,159,98,140,97,143
2,3243,62,140,98,131,131,139,97,158,97,141,97,142
2,3244,62,139,98,131,131,139,96,158,98,141,97,143
2,3245,62,139,98,131,131,139,97,159,98,141,97,142
2,3246,62,139,98,131,131,139,97,158,98,141,97,143
2,3247,62,139,98,130,131,140,97,158,97,140,97,143
2,3286,59,142,99,128,133,141,96,171,98,136,96,156
2,3287,58,141,99,129,133,141,96,172,98,137,96,159
2,3288,58,141,99,129,134,140,96,172,98,137,97,157
2,3289,58,141,99,129,133,140,96,169,98,137,97,156
2,3290,58,140,99,129,134,140,96,170,98,138,96,156
2,3291,59,140,99,130,133,140,97,167,98,138,97,153
2,3292,59,140,98,129,133,141,96,166,98,138,97,152
2,3451,63,139,98,131,131,138,96,157,97,141,97,141
2,3452,62,137,98,131,132,138,97,157,97,141,97,141
2,3453,62,138,98,131,132,138,97,157,97,141,96,142
2,3454,63,138,98,131,132,139,96,157,98,141,97,142
2,3455,62,138,98,130,132,139,97,156,98,141,97,141
2,3456,62,137,98,131,132,139,96,157,98,141,97,141
2,3457,62,138,98,130,132,138,97,157,98,141,97,142
2,3458,63,139,98,130,132,139,97,157,98,141,98,142
2,3459,63,139,98,130,131,139,97,157,97,141,97,142
2,3460,63,138,98,130,132,139,97,156,98,141,97,142
2,3461,62,139,98,131,132,138,97,156,97,141,97,142
2,3462,62,138,98,130,132,138,97,157,97,141,97,141
2,3463,62,138,98,131,132,139,97,157,97,141,96,141
2,3464,62,138,97,131,132,138,97,157,98,140,97,141
2,3465,62,138,98,131,131,139,96,156,97,141,97,141
2,3466,63,139,98,130,131,138,98,157,97,141,97,141
2,3467,63,138,98,131,132,138,97,157,98,141,98,141
2,3468,63,138,98,131,131,138,98,157,98,141,97,141
2,3469,63,139,98,131,132,138,97,157,98,141,97,141
2,3470,63,138,98,131,132,138,97,157,98,140,97,141
2,3471,63,139,98,131,131,138,97,157,98,141,97,141
2,3472,63,139,98,131,132,138,97,157,98,141,97,141
2,3473,63,139,98,131,131,138,97,157,97,141,97,142
2,3474,63,138,98,130,132,139,97,157,97,141,97,141
2,3475,63,138,98,131,133,138,97,157,98,141,97,141
2,3476,63,139,99,131,132,139,97,157,98,141,97,142
2,3477,63,139,98,131,132,139,97,157,97,141,97,142
2,3478,63,139,98,131,132,139,97,157,97,141,97,142
2,3479,63,139,98,131,133,138,97,158,98,140,98,143
2,3480,63,139,98,131,132,139,97,159,97,140,97,143
2,3481,63,139,98,131,132,139,97,158,98,141,97,143
2,3482,63,138,98,131,131,139,97,157,97,141,97,142
2,3483,63,139,98,131,132,139,97,157,98,141,97,142
2,3484,62,139,98,131,130,138,97,157,98,141,97,142
2,3485,63,139,98,132,131,138,96,158,97,141,97,142
2,3486,63,139,98,131,130,139,97,158,98,141,97,142
2,3487,63,140,98,131,130,139,97,157,98,140,97,142
2,3488,63,138,98,131,130,138,97,157,97,141,98,142
2,3489,62,139,99,131,130,138,97,156,98,141,97,142
2,3490,62,139,98,131,131,138,97,157,98,141,97,142
2,3491,63,138,98,131,130,138,97,157,98,141,97,142
2,3492,63,139,98,131,130,138,97,157,98,141,97,142
2,3493,63,138,97,131,132,138,97,157,98,141,97,142
2,3494,63,138,98,131,131,138,97,156,98,141,98,142
2,3495,62,138,98,131,132,138,97,156,98,141,97,142
2,3496,61,138,98,131,132,137,97,156,97,141,97,141
2,3497,62,138,98,131,132,138,97,158,98,141,97,143
2,3498,61,138,98,131,133,137,98,157,98,141,97,142
2,3499,62,137,98,131,133,137,97,156,97,141,98,142
2,3500,62,138,98,131,133,138,97,158,97,141,97,144
2,3501,62,138,97,131,133,137,97,156,97,141,96,142
2,3502,62,138,98,131,133,138,96,156,97,140,97,142
2,3503,62,139,98,131,132,138,96,156,97,141,97,142
2,3504,62,138,98,131,132,138,96,156,97,140,97,142
2,3505,62,138,98,131,133,138,96,157,97,141,96,143
2,3506,62,138,97,131,133,138,96,157,97,141,96,143
2,3507,62,138,98,132,132,138,96,156,97,140,96,142
2,3508,62,137,97,131,133,138,96,157,97,141,96,142
2,3509,63,138,97,130,133,138,96,158,97,141,97,143
2,3510,63,139,98,131,132,139,96,157,97,141,96,142
2,3511,63,139,98,131,133,139,96,156,97,140,96,141
2,3512,62,140,98,130,132,140,96,156,97,140,97,143
2,3513,62,140,98,131,133,140,96,158,97,140,97,144
2,3514,62,141,97,130,133,140,96,158,97,141,96,143
2,3515,62,141,98,130,132,140,97,160,98,140,97,144
2,3516,61,140,98,129,133,140,97,160,98,140,97,144
2,3517,62,140,98,130,132,139,97,161,98,140,97,145
2,3518,62,140,97,131,132,139,95,156,97,140,95,142
2,3519,62,140,97,130,133,138,96,157,97,140,96,143
2,3520,62,139,97,130,133,139,96,158,97,140,96,143
2,3521,61,139,97,130,134,140,96,158,97,140,96,142
2,3522,62,140,98,130,133,140,97,160,98,140,97,146
2,3523,62,140,98,131,132,140,97,158,98,140,97,144
2,3524,62,140,98,130,133,141,98,162,98,141,98,147
2,3525,62,141,98,130,133,141,97,161,98,141,97,146
2,3526,61,140,97,130,132,141,96,162,98,141,97,147
2,3527,62,140,98,130,132,141,97,158,97,140,97,142
2,3528,61,141,97,129,133,142,97,157,97,141,97,143
2,3529,61,141,98,129,134,141,97,160,98,141,97,144
2,3530,61,141,97,129,134,141,98,161,98,141,97,145
2,3544,61,145,98,128,132,141,98,171,98,137,98,157
2,3545,61,145,98,129,132,140,98,170,98,138,98,157
2,3546,61,144,98,129,131,140,98,171,98,138,98,156
2,3547,61,144,98,129,133,141,98,171,98,137,98,156
2,3548,61,143,98,129,133,141,98,170,97,137,98,156
2,3549,61,143,98,130,132,141,98,170,98,138,98,155
2,3550,62,142,98,130,131,141,97,166,98,139,98,151
2,3551,60,142,98,130,132,141,97,171,98,137,97,156
2,3552,59,143,98,129,133,141,96,171,97,138,97,158
2,3553,59,143,98,129,133,140,97,170,97,138,98,156
2,3554,59,143,98,129,134,140,98,173,98,138,98,160
2,3555,59,144,98,129,133,141,98,175,98,137,98,162
2,3556,58,142,98,130,134,140,98,172,98,138,98,158
2,3557,59,142,98,130,133,139,98,170,98,138,98,156
2,3558,60,142,98,129,133,139,98,172,98,138,98,158
2,3559,59,142,99,130,132,140,98,171,97,137,98,158
2,3560,59,142,98,129,133,140,98,171,98,138,98,157
2,3561,59,141,98,130,132,140,98,170,98,138,98,156
2,3562,58,141,98,130,132,140,98,169,98,138,98,155
2,3563,58,142,98,130,133,139,98,169,98,138,98,155
2,3564,56,141,98,130,133,139,97,170,98,138,98,154
2,3565,57,141,99,130,132,138,97,167,98,138,98,154
2,3566,59,141,99,130,133,140,98,167,98,138,98,154
2,3567,58,141,98,130,133,139,97,167,98,138,97,153
2,3568,59,141,98,130,132,138,98,167,98,138,98,153
2,3569,59,141,98,130,133,139,98,167,98,138,98,153
2,3570,59,141,98,130,133,139,98,168,98,138,99,153
2,3571,60,141,98,130,133,139,98,167,98,138,98,152
2,3572,59,140,98,130,132,138,98,167,98,138,98,153
2,3573,60,140,98,131,132,138,98,167,98,139,98,153
2,3574,60,140,98,131,133,138,97,166,97,138,97,153
2,3575,60,140,98,131,133,138,98,167,98,139,98,153
2,3576,61,140,98,130,132,138,98,167,98,138,98,152
2,3577,61,140,98,131,132,139,97,167,98,139,98,152
2,3578,61,140,98,131,132,139,98,166,97,139,98,152
2,3579,61,140,98,131,132,138,98,163,98,139,98,149
2,3580,61,139,98,131,131,138,98,161,98,140,98,146
2,3581,62,138,99,131,131,137,98,160,98,141,98,145
2,3582,62,138,98,131,131,137,96,158,98,141,97,143
2,3583,62,138,98,131,131,137,97,157,98,142,97,142
2,3584,62,137,98,132,131,138,97,157,98,141,98,142
2,3585,63,138,98,131,131,139,97,157,98,142,97,142
2,3586,63,138,98,132,130,139,97,157,98,141,97,142
2,3587,64,138,99,132,130,138,96,157,98,142,97,142
2,3588,62,138,98,132,131,138,97,157,98,141,97,142
2,3589,62,138,98,131,131,138,97,157,98,140,97,142
2,3590,62,138,98,131,131,137,98,156,98,141,98,142
2,3591,62,137,98,132,131,137,97,158,98,141,97,142
2,3592,62,137,98,131,130,137,97,158,98,141,97,143
2,3593,62,137,98,131,132,137,97,157,98,141,97,142
2,3594,62,137,98,131,132,137,97,158,98,141,97,142
2,3595,63,137,98,131,132,138,97,157,98,141,97,143
2,3596,62,138,98,132,132,137,97,158,98,141,98,142
2,3597,62,137,98,131,132,137,97,157,98,141,97,142
2,3598,62,137,98,131,132,137,98,158,98,141,98,143
2,3599,62,137,98,131,131,137,97,158,98,141,97,143
2,3600,63,137,98,131,132,138,97,158,97,141,97,143
2,3601,62,137,98,131,131,138,97,161,98,141,97,144
2,3602,63,138,98,131,132,138,96,159,98,140,97,143
2,3603,62,137,97,131,132,137,97,159,98,141,97,143
2,3604,63,138,98,131,132,137,97,159,98,141,98,144
2,3605,62,137,98,131,132,137,97,157,98,140,97,142
2,3606,62,137,98,131,132,137,97,157,98,141,97,143
2,3607,62,137,98,131,132,137,97,158,98,141,97,143
2,3608,62,137,98,131,133,137,97,157,97,140,97,142
2,3609,62,137,98,131,132,136,97,158,98,141,97,142
2,3610,62,137,98,131,132,137,97,157,97,140,97,143
2,3611,62,138,99,132,131,137,97,158,98,139,97,144
2,3636,59,139,98,130,134,136,97,168,97,138,98,152
2,3637,59,140,98,131,135,137,97,167,97,139,98,154
2,3638,59,139,98,130,135,138,97,167,98,138,97,153
2,3639,59,140,98,129,135,138,97,168,97,137,98,154
2,3640,59,141,98,129,135,138,97,167,98,138,97,154
2,3641,58,140,98,130,135,137,97,167,97,138,98,153
2,3642,59,140,98,130,135,137,97,168,98,138,98,153
2,3643,59,140,98,130,135,138,97,167,98,137,98,153
2,3644,59,140,98,129,135,138,97,167,98,139,97,153
2,3645,59,141,98,130,135,138,98,166,97,138,98,153
2,3646,60,140,98,130,134,137,97,167,97,138,98,152
2,3647,61,140,98,130,134,138,98,166,98,138,98,152
2,3648,61,140,98,130,133,138,99,164,98,139,98,150
2,3649,61,140,98,131,133,139,98,163,98,140,98,148
2,3650,62,140,97,130,132,138,97,161,98,140,97,146
2,3651,61,139,98,131,132,139,97,159,98,141,97,145
2,3652,62,139,98,131,133,139,97,159,97,141,97,144
2,3653,62,139,98,131,132,139,97,158,97,141,98,143
2,3654,62,139,98,130,132,139,97,160,98,141,97,146
2,3655,62,139,98,131,132,138,97,158,98,140,97,144
2,3656,63,139,98,131,133,138,98,160,97,140,98,145
2,3657,63,139,98,130,132,139,98,160,98,140,98,145
2,3658,63,139,98,131,133,139,97,159,97,141,97,144
2,3659,63,138,98,131,132,138,96,157,98,142,97,142
2,3660,62,138,97,131,133,138,96,157,97,141,96,142
2,3661,61,138,97,131,133,138,96,157,97,141,96,142
2,3662,62,139,98,130,133,138,96,156,97,141,96,142
2,3663,62,138,98,131,133,138,96,156,97,141,96,142
2,3664,61,138,97,131,133,138,96,157,97,141,96,142
2,3665,62,139,98,131,133,137,97,158,97,141,97,143
2,3666,61,138,97,131,133,137,96,157,98,140,96,143
2,3667,62,139,97,131,133,137,96,157,97,141,96,143
2,3668,61,139,97,131,133,137,96,158,97,141,96,144
2,3669,61,138,98,131,134,138,96,157,97,140,96,143
2,3670,61,139,98,131,133,138,96,158,98,141,96,144
2,3671,61,138,97,131,133,138,96,158,98,140,96,144
2,3672,61,138,98,131,133,138,96,157,98,140,96,143
2,3673,61,138,98,130,133,137,96,157,98,140,96,143
2,3674,61,139,97,131,133,137,96,157,97,140,97,143
2,3675,62,138,98,131,133,138,97,159,97,140,97,146
2,3676,62,138,98,131,133,137,96,159,98,140,97,145
2,3677,61,139,98,132,133,138,97,159,98,141,97,145
2,3678,61,139,98,131,133,137,97,160,97,140,97,146
2,3679,62,139,98,131,133,138,97,161,97,140,97,147
2,3680,62,139,97,131,133,138,96,159,97,140,97,145
2,3681,61,139,98,131,133,138,97,161,98,140,97,147
2,3682,62,139,97,131,133,138,96,158,97,140,97,145
2,3683,62,139,97,131,133,138,97,163,97,140,97,149
2,3684,61,139,98,131,133,138,97,159,98,140,96,146
2,3685,61,138,97,131,133,138,97,160,97,140,97,147
2,3686,61,139,98,131,133,138,96,161,97,140,97,147
2,3687,61,139,98,132,133,138,97,159,98,140,96,145
2,3688,61,139,98,131,133,137,97,161,98,140,97,147
2,3689,62,138,98,131,133,138,96,158,97,140,97,143
2,3690,62,138,98,131,133,138,96,159,98,140,97,144
2,3691,61,138,98,131,133,138,97,160,97,140,97,145
2,3692,62,139,98,131,133,137,97,160,98,140,97,146
2,3693,61,138,97,131,133,137,97,160,97,140,96,146
2,3694,61,139,98,131,133,137,97,158,97,139,97,145
2,3695,61,139,98,131,133,137,97,159,98,140,97,145
2,3696,61,139,97,131,133,137,97,159,97,139,97,145
2,3697,61,139,98,131,133,138,97,161,97,140,97,146
2,3698,62,139,98,131,132,138,98,162,97,140,97,147
2,3699,62,138,98,131,132,137,97,160,98,140,97,144
2,3700,62,139,98,132,132,137,98,159,98,140,97,144
2,3701,62,139,98,131,132,138,97,160,97,140,97,145
2,3766,62,137,98,131,133,138,97,160,98,141,97,144
2,3767,62,139,98,131,132,138,97,158,97,141,97,143
2,3768,62,138,97,132,133,137,96,157,97,141,97,142
2,3769,62,138,98,131,133,138,96,158,98,141,96,143
2,3770,62,138,98,131,133,137,97,158,97,141,97,143
2,3771,62,138,98,132,133,137,97,161,98,140,97,145
2,3772,62,137,98,131,132,138,97,161,98,141,97,145
2,3773,62,138,97,131,133,137,96,156,97,141,96,142
2,3774,62,137,97,131,133,137,96,156,97,140,96,142
2,3775,62,138,97,131,133,138,97,157,97,140,96,142
2,3776,62,138,98,131,134,138,96,156,97,141,97,142
2,3777,61,137,97,131,134,137,96,156,96,141,97,143
2,3778,62,137,97,131,133,137,97,156,97,141,97,142
2,3779,62,137,98,131,134,137,97,157,98,141,97,143
2,3780,62,137,98,131,133,138,97,156,98,141,97,142
2,3781,62,138,98,131,133,138,97,157,98,141,97,142
2,3782,62,138,98,131,133,137,96,157,97,140,96,142
2,3783,62,137,98,131,133,137,96,156,97,141,97,142
2,3784,61,138,98,132,133,138,96,156,97,140,96,142
2,3785,62,138,98,132,133,138,96,157,97,140,96,143
2,3786,62,138,97,131,133,137,96,157,97,141,96,143
2,3787,62,138,98,131,133,137,96,156,97,140,96,142
2,3788,61,137,98,131,133,137,96,156,97,140,97,142
2,3789,61,137,98,131,134,137,96,157,98,141,96,142
2,3790,61,137,98,131,133,136,97,155,97,140,97,142
2,3791,61,136,98,131,134,136,97,157,97,140,97,144
2,3792,61,136,98,132,134,136,97,156,98,141,97,142
2,3793,63,137,98,132,134,137,97,157,98,140,97,143
2,3794,63,138,98,132,132,138,97,155,98,140,97,143
2,3795,64,139,97,133,132,137,96,154,97,141,97,141
2,3796,64,139,98,133,132,138,96,153,97,140,96,142
2,3797,64,138,97,132,132,138,96,152,97,140,96,141
2,3798,64,138,97,132,133,138,96,155,98,141,97,142
2,3799,65,139,98,133,133,137,97,155,97,142,96,142
2,3800,65,138,98,133,132,137,96,155,97,141,97,142
2,3801,64,138,98,133,132,137,96,156,97,141,97,143
2,3802,64,138,98,133,132,137,97,157,98,142,97,143
2,3803,64,138,98,132,133,139,97,157,97,142,97,143
2,3804,64,139,98,132,132,138,97,161,97,141,97,145
2,3805,64,141,98,132,132,138,97,163,97,140,97,149
2,3806,64,141,97,131,132,138,97,166,97,138,97,152
2,3807,64,140,98,131,132,138,97,165,97,138,97,151
2,3808,64,140,98,131,132,138,97,165,97,138,97,152
2,3809,63,139,97,132,132,137,97,164,97,138,97,149
2,3810,63,139,97,132,132,137,97,160,97,140,97,145
2,3811,64,138,97,132,132,137,97,158,97,141,97,143
2,3812,64,138,98,132,131,137,96,156,97,141,97,142
2,3813,64,138,97,132,132,137,97,156,98,141,97,142
2,3814,63,138,98,131,132,137,97,158,98,141,97,143
2,3815,64,138,98,132,131,138,96,157,97,141,97,143
2,3816,63,138,98,132,132,137,97,157,98,141,97,142
2,3817,63,138,98,132,132,137,97,156,97,141,97,142
2,3818,64,138,98,131,131,138,96,158,97,141,96,143
2,3819,63,138,98,131,132,137,96,158,98,140,96,143
2,3820,63,137,98,131,131,137,97,159,97,141,97,143
2,3821,63,138,97,132,132,137,96,158,97,141,96,143
2,3822,63,138,97,131,132,138,96,158,98,141,96,143
2,3823,63,138,98,131,132,138,96,157,98,140,97,143
2,3824,63,138,97,131,132,138,96,157,97,141,96,143
2,3825,63,138,97,131,132,137,96,158,97,141,96,143
2,3826,64,137,97,132,132,137,96,159,97,141,96,144
2,3827,63,137,97,132,132,137,96,157,97,141,96,143
2,3828,64,137,98,131,132,137,96,158,97,140,96,143
2,3829,63,137,98,132,132,138,96,157,98,141,96,142
2,3830,63,138,98,131,132,137,96,159,97,141,97,144
2,3831,63,137,98,132,132,137,96,158,97,141,97,142
2,3832,62,136,98,131,132,136,96,158,98,140,97,142
2,3833,63,137,98,131,132,138,96,158,98,141,97,143
2,3834,63,137,98,132,132,136,96,157,97,141,96,142
2,3835,62,137,98,131,132,138,96,160,98,141,96,145
2,3836,63,137,98,131,133,137,97,161,98,141,97,145
2,3837,62,136,98,130,133,137,96,159,98,140,96,144
2,3838,63,136,98,131,132,137,97,160,97,141,97,144
2,3839,61,137,97,131,132,137,97,157,97,141,96,142
2,3840,62,137,98,132,133,137,96,157,98,141,96,143
2,3841,62,137,97,131,133,137,96,157,97,141,96,143
2,3842,62,137,98,131,133,138,96,158,98,141,96,143
2,3843,62,137,97,131,132,137,96,157,97,141,97,143
2,3844,61,137,98,132,133,137,97,160,98,141,97,146
2,3845,62,137,98,131,132,137,98,159,98,140,98,145
2,3846,62,138,98,132,131,137,97,159,98,141,98,144
2,3847,61,137,98,132,132,138,97,162,98,141,98,147
2,3848,62,137,98,131,133,137,98,158,98,141,97,145
2,3849,62,137,98,131,133,137,97,158,98,141,97,145
2,3871,57,143,99,130,132,139,99,174,99,138,100,161
2,3872,58,142,99,129,132,140,99,173,99,138,100,159
2,3873,56,142,99,129,132,139,99,172,99,137,100,158
2,3874,57,142,100,129,132,139,98,172,99,137,99,157
2,3875,57,142,99,129,131,141,99,170,99,137,99,157
2,3947,62,138,98,131,133,138,97,159,97,141,98,143
2,3948,61,138,99,131,133,138,97,160,98,141,97,144
2,3949,61,138,98,131,133,138,97,160,97,141,97,144
2,3950,61,137,98,130,133,138,97,160,98,141,97,143
2,3951,61,137,98,131,133,138,97,158,98,141,97,143
2,3952,62,137,99,131,132,138,97,158,98,141,98,143
2,3953,62,138,98,131,132,138,97,157,97,141,97,142
2,3954,62,137,98,131,133,138,97,157,98,141,97,142
2,3955,62,138,98,131,132,139,97,158,98,141,97,143
2,3956,62,138,98,131,133,138,97,157,98,141,97,142
2,3957,61,138,98,131,132,138,97,159,98,141,97,143
2,3958,61,137,98,132,132,138,97,157,98,141,97,142
2,3959,62,138,98,131,132,138,97,157,98,140,97,142
2,3960,62,137,98,132,131,138,97,156,98,141,97,141
2,3961,62,137,98,131,132,138,97,157,98,141,97,142
2,3962,62,137,98,131,132,138,97,158,98,141,97,143
2,3963,61,137,98,131,133,138,96,158,98,141,97,142
2,3964,62,138,98,131,133,138,97,159,97,140,98,145
2,3965,62,138,98,131,132,138,97,159,98,140,97,145
2,3966,62,138,98,131,132,138,97,158,98,140,97,144
2,3967,62,138,99,131,132,138,97,159,98,141,98,144
2,3968,61,138,98,131,132,138,97,159,98,141,97,143
2,3969,62,137,98,131,132,137,97,159,98,140,97,143
2,3970,62,138,98,131,132,137,97,159,97,140,98,143
2,3971,61,137,98,132,132,138,97,159,98,140,97,143
2,3972,62,138,98,131,133,138,97,159,97,141,98,143
2,3973,62,138,98,131,132,138,97,159,97,140,97,143
2,3974,62,138,98,131,133,137,97,158,98,140,97,143
2,3975,61,138,98,131,133,138,97,158,98,140,97,143
2,3976,61,138,98,131,132,137,98,157,98,140,97,142
2,3977,62,138,98,131,132,138,97,158,98,140,97,143
2,3978,62,138,98,131,133,138,97,159,98,140,98,144
2,3979,61,138,98,131,132,138,97,160,98,140,97,144
2,3980,61,138,98,131,133,137,97,158,98,140,97,143
2,3981,61,138,99,131,133,138,97,160,98,141,98,145
2,3982,61,138,98,131,133,137,96,159,98,140,97,143
2,3983,62,138,98,131,133,138,97,159,98,140,97,144
2,3984,61,137,98,131,133,138,97,160,98,141,97,144
2,3985,62,138,98,131,133,138,97,160,97,141,98,145
2,3986,62,138,98,131,133,137,97,157,98,140,97,142
2,3987,62,138,98,131,133,138,97,158,97,140,97,143
2,3988,62,138,98,131,133,137,97,158,97,141,98,142
2,3989,61,138,98,130,133,138,97,159,98,140,97,144
2,3990,61,138,98,131,132,138,98,159,98,140,97,144
2,3991,62,138,98,131,132,138,97,159,97,140,97,144
2,3992,61,138,98,131,133,137,97,158,98,140,97,143
2,3993,61,137,99,131,133,137,98,160,98,140,98,145
2,3994,61,138,98,131,133,138,97,159,98,141,97,144
2,3995,61,138,98,131,133,138,97,160,98,141,98,145
2,3996,61,138,98,131,133,138,98,160,98,141,97,144
2,3997,61,138,98,131,133,137,97,159,98,140,97,144
2,3998,60,138,99,130,133,138,97,160,99,141,98,144
2,3999,60,138,98,130,133,138,97,160,98,140,97,144
2,4000,60,138,98,131,133,137,98,160,98,140,98,145
2,4001,61,138,98,131,132,137,97,158,98,141,97,142
2,4002,61,138,98,130,132,137,97,158,98,141,97,143
2,4003,60,138,99,131,132,137,98,158,98,140,98,142
2,4004,60,138,98,131,131,137,97,158,98,141,97,142
2,4005,60,138,98,130,131,138,98,159,98,140,97,143
2,4006,61,139,99,130,132,137,97,159,98,140,98,144
2,4007,60,138,98,131,132,136,98,158,98,141,97,143
2,4008,60,138,98,131,132,137,97,159,98,141,98,143
2,4009,60,138,98,131,133,137,97,158,97,140,98,143
2,4010,60,138,98,131,132,137,98,158,98,141,97,143
2,4011,60,137,98,131,132,137,97,158,98,140,98,142
2,4012,61,138,99,131,131,137,97,159,98,141,98,143
2,4013,60,138,98,131,132,136,97,158,98,141,97,143
2,4014,60,138,98,131,132,136,98,159,98,140,98,144
2,4015,60,138,98,131,132,137,98,158,98,140,98,143
2,4016,61,137,98,132,132,137,98,159,98,140,98,143
2,4017,61,138,98,131,132,137,98,160,98,140,98,145
2,4018,61,138,98,131,132,137,97,159,98,140,97,144
2,4019,61,138,98,131,132,137,98,159,98,140,98,144
2,4020,60,138,98,131,132,137,97,157,98,140,98,142
2,4021,61,137,98,131,132,136,97,158,98,140,97,143
2,4022,60,137,98,132,132,137,97,158,98,140,97,143
2,4023,60,136,98,131,133,136,97,157,98,140,97,143
2,4024,61,137,98,132,133,137,97,158,98,140,97,143
2,4025,61,137,98,132,132,136,97,159,98,140,98,143
2,4026,61,137,98,131,132,136,97,159,98,141,97,143
2,4027,61,137,98,132,131,136,97,161,98,140,98,146
2,4028,61,137,99,132,131,136,98,160,98,140,98,145
2,4029,61,138,99,131,132,136,98,159,98,141,97,143
2,4030,62,137,98,132,132,137,98,158,98,141,97,143
2,4031,62,138,98,131,132,137,97,160,98,141,97,143
2,4032,62,138,98,131,132,137,97,158,98,141,97,143
2,4033,61,137,98,131,133,136,96,158,98,141,97,142
2,4042,62,138,99,131,132,138,98,159,98,140,97,144
2,4043,62,138,99,131,132,138,98,161,98,141,98,145
2,4044,62,138,98,132,132,137,97,161,98,141,98,146
2,4045,62,138,98,132,132,138,97,160,98,140,98,144
2,4046,63,138,98,132,131,138,97,161,98,141,98,146
2,4071,58,140,99,131,130,138,98,167,99,139,98,151
2,4072,58,140,99,131,130,140,97,166,98,139,98,152
2,4073,58,141,99,130,132,139,97,168,98,138,97,153
2,4074,58,141,99,130,132,139,97,168,98,138,97,154
2,4075,57,140,99,130,132,138,97,169,98,139,97,154
2,4104,63,141,99,132,129,139,97,163,98,141,98,148
2,4105,63,141,98,133,128,140,98,161,98,141,98,147
2,4106,62,142,98,131,129,140,97,167,98,140,97,150
2,4107,61,143,98,131,130,140,97,170,97,138,97,156
2,4108,63,141,99,132,129,139,97,161,98,141,97,147
2,4109,63,141,99,132,129,139,97,161,98,141,97,147
2,4110,62,141,98,132,130,140,97,165,98,139,97,151
2,4111,61,142,98,130,131,140,97,167,98,138,97,153
2,4112,60,141,98,130,131,139,97,168,97,138,97,155
2,4113,59,140,98,131,132,139,97,168,98,138,97,155
2,4114,59,140,98,131,132,138,97,170,98,138,97,156
2,4115,58,139,99,131,132,138,97,169,98,138,97,156
2,4116,58,140,99,132,131,138,97,170,98,138,98,157
2,4117,59,141,99,132,130,138,97,172,98,139,98,158
2,4118,59,140,99,132,129,139,98,168,98,139,99,154
2,4119,60,139,99,132,129,139,97,165,98,140,98,150
2,4120,59,138,100,132,129,138,98,163,98,140,98,149
2,4121,60,139,99,132,129,138,98,163,98,140,98,150
2,4122,59,138,99,132,129,138,97,163,99,138,98,150
2,4123,58,138,99,131,130,137,97,165,98,138,98,152
2,4124,57,139,99,131,130,137,98,165,98,138,99,152
2,4125,58,138,98,131,131,137,97,166,98,139,98,151
2,4126,58,138,99,131,131,137,97,165,98,138,97,151
2,4127,58,138,98,131,131,137,97,166,98,138,97,152
2,4128,57,138,98,130,131,137,97,165,98,138,97,151
2,4129,58,139,99,131,131,138,97,165,98,139,98,151
2,4130,59,139,99,131,131,138,97,162,98,139,97,148
2,4131,59,138,99,131,131,138,97,162,98,140,98,148
2,4132,60,138,99,130,131,138,97,160,98,140,98,145
2,4133,60,138,99,131,131,139,98,160,98,140,98,145
2,4134,60,138,99,130,131,138,97,159,98,141,97,143
2,4135,61,138,98,131,131,139,97,159,98,141,97,142
2,4136,61,138,99,130,131,138,97,159,98,141,98,143
2,4137,60,138,98,130,130,139,97,159,98,141,97,143
2,4138,60,138,99,130,131,139,97,159,98,141,97,144
2,4139,61,138,98,131,131,139,97,159,98,140,97,143
2,4140,61,137,98,130,131,139,97,158,98,141,97,142
2,4141,60,138,99,131,131,139,97,158,98,141,97,142
2,4142,61,138,99,130,132,139,97,159,98,141,97,143
2,4143,61,138,99,130,131,139,97,158,98,141,97,142
2,4144,61,138,98,130,131,139,97,158,98,141,97,142
2,4145,61,138,99,130,131,139,97,159,98,141,97,142
2,4146,62,138,98,130,132,139,96,158,98,141,98,142
2,4147,61,138,98,130,131,139,97,158,98,141,97,142
2,4148,62,138,98,131,131,139,97,158,98,141,97,142
2,4149,61,139,98,130,132,138,97,158,98,141,97,142
2,4150,61,138,98,130,131,138,97,158,98,141,97,143
2,4151,61,139,98,130,131,139,97,159,98,141,97,143
2,4152,61,138,98,130,131,139,97,158,98,141,98,143
2,4153,62,138,98,131,131,139,96,159,97,140,98,143
2,4154,61,138,99,131,132,139,97,158,98,140,97,143
2,4155,61,138,98,131,132,139,97,158,98,140,98,143
2,4156,61,138,98,131,132,139,96,158,98,140,98,143
2,4157,61,139,98,131,132,138,97,158,98,140,98,143
2,4158,61,138,98,131,132,138,97,159,98,140,98,143
2,4159,61,138,98,130,132,139,98,158,98,140,98,143
2,4160,61,138,98,131,132,139,97,159,98,140,97,143
2,4161,61,138,98,131,132,138,97,157,98,141,97,142
2,4162,60,138,98,130,132,139,97,160,98,140,98,144
2,4163,61,138,99,131,132,138,97,159,98,141,98,142
2,4164,61,139,98,130,132,139,97,159,98,140,97,143
2,4165,61,139,99,130,132,139,97,159,98,141,97,143
2,4166,61,138,98,130,132,139,97,159,98,141,97,143
2,4167,61,138,99,130,132,139,97,159,98,140,97,143
2,4168,61,139,99,130,132,139,98,158,98,140,98,143
2,4169,61,138,99,130,132,139,97,159,98,140,98,144
2,4170,61,139,98,130,132,139,97,159,98,140,97,144
2,4171,61,139,98,130,132,139,97,159,98,139,97,144
2,4172,61,139,99,130,132,139,97,159,98,140,98,144
2,4173,61,139,98,130,132,139,97,159,98,140,98,144
2,4174,61,138,98,130,132,139,97,160,98,140,97,145
2,4175,61,139,98,130,132,139,97,160,97,139,98,145
2,4176,61,139,98,130,132,139,97,160,98,140,97,145
2,4177,61,139,99,131,132,139,97,160,98,139,97,145
2,4178,61,139,99,130,132,138,97,159,98,140,97,144
2,4179,61,138,99,130,132,139,97,159,98,140,98,144
2,4180,61,138,98,131,133,138,96,159,98,140,97,144
2,4181,61,138,98,130,133,139,97,159,98,140,97,143
2,4182,61,138,99,130,132,139,97,159,98,141,97,143
2,4183,61,137,99,131,132,138,97,159,98,140,97,142
2,4184,61,139,98,130,132,138,97,158,98,140,98,143
2,4185,62,138,98,131,132,138,97,158,98,141,98,143
2,4186,61,138,98,131,133,139,96,159,98,140,97,143
2,4187,61,137,98,131,132,138,97,159,98,140,97,143
2,4188,61,138,99,130,132,138,96,159,98,141,97,143
2,4189,61,138,98,131,132,139,96,159,97,140,96,143
2,4190,61,138,98,131,132,138,96,159,97,141,97,144
2,4191,61,138,98,131,131,138,96,159,97,141,97,143
2,4192,61,138,99,131,132,138,97,159,98,140,97,143
2,4193,61,138,98,130,133,138,97,159,98,140,97,143
2,4194,61,138,98,130,132,139,97,159,98,140,97,143
2,4195,61,138,98,130,132,139,97,158,97,141,97,143
2,4196,62,138,98,131,132,138,97,158,98,141,97,142
2,4197,61,138,98,131,132,139,97,158,97,141,98,142
2,4198,61,138,98,131,132,138,97,159,98,140,97,143
2,4213,62,138,98,131,132,139,97,159,98,140,97,143
2,4214,61,138,98,131,132,138,97,158,97,141,97,143
2,4215,62,137,98,130,132,139,97,158,98,141,97,143
2,4216,62,138,98,131,132,138,97,158,98,141,97,143
2,4217,60,138,98,131,132,137,97,159,98,141,97,143
2,4219,62,140,99,131,131,138,97,163,98,139,98,148
2,4220,61,141,99,130,131,139,98,169,98,138,98,154
2,4221,61,142,98,130,131,139,98,170,97,138,97,157
2,4222,60,142,99,130,131,139,98,170,98,139,98,156
2,4285,62,137,98,131,131,138,97,158,98,141,97,142
2,4286,62,138,98,131,132,139,97,157,98,141,97,142
2,4287,62,137,98,131,132,139,96,158,97,141,97,143
2,4288,62,137,98,130,132,138,97,157,98,141,97,141
2,4289,61,137,98,131,132,139,98,159,98,140,97,143
2,4290,60,137,98,130,133,139,97,157,98,141,97,142
2,4291,61,137,98,131,132,138,97,158,98,141,97,142
2,4292,61,137,98,131,133,138,97,158,98,141,98,142
2,4293,61,137,98,131,133,138,97,158,98,141,97,142
2,4294,61,137,98,131,133,138,97,158,98,141,97,143
2,4295,62,138,98,131,132,138,97,159,98,141,97,143
2,4296,61,138,98,131,132,138,96,158,98,140,98,143
2,4297,61,138,98,130,133,139,97,158,97,140,97,143
2,4298,61,138,98,131,132,138,97,158,98,141,97,143
2,4299,61,138,99,130,133,139,97,160,98,140,97,145
2,4300,61,138,98,131,133,138,97,159,98,140,98,144
2,4301,60,139,98,130,133,138,98,163,98,140,98,147
2,4302,61,138,98,130,133,139,97,162,98,140,97,146
2,4303,61,139,99,130,134,139,97,161,98,139,98,145
2,4304,61,139,98,130,133,139,97,163,98,140,98,147
2,4305,61,139,98,130,134,139,98,161,98,140,98,146
2,4306,61,139,98,130,133,139,97,161,98,140,97,146
2,4307,62,139,99,130,133,138,97,161,98,140,97,145
2,4308,61,139,99,130,133,139,97,162,98,140,98,146
2,4309,61,139,98,131,133,138,97,161,98,140,98,145
2,4310,61,139,98,130,132,138,98,161,98,140,98,145
2,4311,61,139,98,131,133,139,97,160,98,140,97,145
2,4312,62,138,98,131,133,139,98,161,98,139,98,146
2,4313,62,139,98,130,133,139,98,161,98,140,98,145
2,4314,61,139,99,131,133,139,98,161,98,139,98,145
2,4315,61,139,99,130,132,139,97,161,98,139,98,146
2,4316,62,139,99,130,132,140,97,162,98,139,97,146
2,4317,61,140,99,130,133,139,98,162,98,140,98,147
2,4318,61,139,98,131,133,139,97,160,97,139,98,145
2,4319,61,139,98,130,133,138,97,161,98,139,97,146
2,4320,60,140,98,130,133,138,97,160,98,139,97,146
2,4321,61,138,98,130,133,139,98,162,98,139,98,146
2,4322,61,139,98,130,132,138,97,161,98,139,97,146
2,4323,61,139,98,131,132,139,97,160,98,140,98,145
2,4324,62,138,98,131,133,139,98,161,98,139,98,145
2,4325,62,139,98,131,132,139,97,160,98,139,97,145
2,4326,61,139,98,131,132,139,97,161,98,139,97,145
2,4327,62,139,98,130,132,139,97,160,98,140,98,145
2,4328,61,139,98,130,132,139,97,160,98,140,97,144
2,4329,61,138,98,130,133,138,97,159,98,140,97,144
2,4330,62,139,98,130,132,138,97,160,98,139,97,144
2,4331,62,139,98,130,132,139,97,161,98,139,97,145
2,4332,61,138,99,130,132,139,98,160,98,140,98,144
2,4333,62,139,98,131,132,139,97,162,98,140,98,146
2,4334,62,139,98,131,133,139,97,160,98,140,97,145
2,4335,61,139,98,130,132,138,97,160,98,140,97,145
2,4336,62,138,98,130,132,139,97,159,98,140,97,145
2,4337,62,139,98,130,132,139,96,159,98,140,97,144
2,4338,62,139,98,130,132,139,97,159,98,140,97,145
2,4339,62,139,98,130,132,139,96,159,98,140,97,145
2,4340,62,139,99,130,132,139,97,159,97,140,97,144
2,4341,61,139,98,131,133,138,97,159,97,140,97,145
2,4342,61,138,98,131,132,139,97,159,98,139,97,145
2,4343,61,139,98,131,132,139,97,159,97,140,97,144
2,4344,62,139,98,131,132,139,97,160,98,140,98,145
2,4345,61,139,98,131,132,139,97,159,98,140,97,145
2,4346,62,140,98,130,132,139,97,161,97,139,97,145
2,4347,62,139,98,130,131,139,97,161,98,139,98,146
2,4348,61,140,98,130,132,139,97,161,98,139,97,145
2,4349,62,139,98,131,131,139,97,160,98,139,98,145
2,4350,61,139,98,131,131,139,97,160,98,139,98,145
2,4351,61,138,98,131,132,138,96,160,98,140,97,145
2,4352,61,138,99,131,133,139,97,160,98,139,98,144
2,4353,62,139,98,130,132,139,97,158,98,140,97,144
2,4354,61,139,98,131,132,139,97,158,98,140,97,143
2,4355,61,138,98,131,132,138,98,158,98,141,97,143
2,4356,62,138,98,131,133,138,97,158,98,141,97,143
2,4357,62,138,98,131,132,138,97,158,98,141,97,142
2,4358,62,137,99,132,132,138,97,158,98,141,98,142
2,4359,61,138,98,131,132,138,97,158,98,141,97,143
2,4360,61,138,98,132,132,138,97,157,98,141,97,142
2,4452,61,138,98,131,132,138,96,157,98,141,97,142
2,4453,61,138,98,131,132,138,98,157,99,140,98,142
2,4454,60,138,98,130,132,138,98,158,98,140,97,143
2,4455,60,138,98,131,132,138,97,158,98,140,97,142
2,4456,60,137,98,131,132,137,97,157,98,141,98,142
2,4457,61,138,98,131,132,138,97,157,98,141,98,142
2,4458,61,137,99,131,132,138,98,158,98,140,98,142
2,4459,61,138,98,131,132,137,97,159,98,141,97,143
2,4460,61,137,98,131,132,137,97,158,98,140,97,142
2,4461,61,137,98,131,132,137,97,158,98,140,97,143
2,4462,62,138,99,132,131,137,98,158,98,141,98,143
2,4463,61,138,99,131,132,138,98,157,97,141,98,142
2,4464,62,138,98,131,132,137,97,158,98,141,98,142
2,4465,61,138,98,131,132,137,97,158,98,141,98,142
2,4466,61,138,98,131,132,137,98,157,98,140,97,142
2,4467,61,138,98,131,132,137,97,158,98,141,98,143
2,4468,60,138,98,131,132,137,97,158,98,141,98,142
2,4469,61,138,99,131,131,138,98,158,99,141,98,142
2,4470,61,137,98,130,131,138,97,157,98,141,97,142
2,4471,61,138,99,131,131,138,97,158,98,141,98,142
2,4472,62,138,99,131,131,138,98,157,98,141,98,143
2,4473,61,138,99,131,131,138,97,157,98,141,98,142
2,4474,62,138,98,131,131,138,98,158,98,141,98,142
2,4475,61,138,98,131,132,138,97,157,98,140,97,142
2,4476,62,138,99,131,131,138,97,158,98,140,98,142
2,4477,61,138,99,131,132,138,97,157,98,140,98,142
2,4478,61,138,98,131,131,139,98,157,98,140,97,142
2,4479,61,139,99,131,131,138,97,157,98,140,98,142
2,4480,61,138,99,130,132,139,97,158,98,141,98,142
2,4481,61,138,98,130,131,138,97,157,98,141,98,143
2,4482,61,138,98,131,131,138,97,157,98,140,98,142
2,4483,61,138,98,130,131,138,97,157,98,141,98,142
2,4484,61,138,98,130,132,138,97,158,98,141,98,143
2,4485,61,139,98,130,132,138,97,158,98,141,98,142
2,4486,61,138,98,130,131,138,98,158,98,141,98,143
2,4487,61,139,98,130,132,138,98,158,98,140,97,143
2,4488,62,139,98,131,131,139,97,157,98,140,97,142
2,4489,62,138,98,131,131,139,97,157,98,141,98,141
2,4490,62,139,98,131,131,139,97,158,98,141,98,142
2,4491,61,139,98,131,132,138,97,158,98,140,98,142
2,4492,62,138,98,131,131,139,97,157,98,141,97,142
2,4493,61,138,98,131,131,138,97,158,98,141,98,142
2,4494,61,138,98,131,131,138,97,157,98,141,97,142
2,4495,62,139,98,131,131,139,97,157,98,141,97,142
2,4496,61,138,98,131,131,138,97,157,98,141,98,142
2,4497,62,138,98,131,131,138,97,156,98,141,98,142
2,4498,62,138,98,131,131,139,97,157,98,141,98,142
2,4499,62,139,98,131,131,138,97,157,98,141,97,142
2,4500,61,138,98,131,131,138,97,157,98,141,97,142
2,4501,61,138,99,131,131,138,97,156,97,141,97,141
2,4502,61,138,98,131,132,138,97,157,98,141,97,141
2,4503,61,138,99,131,131,138,97,157,99,141,98,142
2,4504,61,137,99,131,132,138,97,156,98,141,98,142
2,4505,61,137,99,131,132,138,97,158,98,141,98,142
2,4506,61,137,99,131,132,137,97,157,98,141,97,143
2,4507,61,137,99,131,132,137,98,157,98,141,98,142
2,4508,61,137,99,131,132,138,97,157,98,141,97,143
2,4509,61,137,99,131,133,138,97,159,99,140,98,144
2,4510,60,137,99,130,133,137,98,158,98,141,97,144
2,4511,60,138,98,131,132,138,97,158,98,141,97,142
2,4512,60,137,98,131,132,137,97,158,98,141,98,142
2,4513,61,137,98,131,132,138,97,158,98,141,98,142
2,4514,60,138,99,130,132,137,98,158,98,142,98,143
2,4515,61,137,99,131,132,138,97,158,99,141,98,142
2,4516,61,137,98,131,132,137,97,157,98,141,97,142
2,4517,61,137,99,131,132,137,96,158,98,141,97,142
2,4518,61,137,99,131,132,137,97,156,98,141,97,142
2,4519,60,138,99,131,131,137,97,157,98,141,97,143
2,4520,61,137,98,131,131,138,97,158,98,141,97,142
2,4521,61,137,98,131,131,137,98,158,98,141,97,142
2,4522,62,137,99,130,131,138,97,158,98,142,97,142
2,4523,61,137,99,131,131,137,97,158,98,141,97,143
2,4524,61,137,98,131,131,137,97,157,98,141,97,142
2,4525,60,138,99,131,132,137,98,158,98,141,98,142
2,4526,60,139,99,131,132,137,98,157,98,140,98,142
2,4527,61,138,99,131,131,138,97,159,98,141,98,143
2,4528,60,138,98,131,132,137,97,158,98,141,97,143
2,4529,60,138,98,131,131,137,98,158,98,140,97,143
2,4530,60,138,98,131,131,137,98,158,98,141,98,143
2,4531,61,139,98,131,131,138,97,158,98,141,97,142
2,4532,60,138,98,131,132,137,98,158,98,140,98,143
2,4533,61,138,99,131,131,138,97,158,98,141,98,143
2,4534,61,138,99,131,131,137,97,158,98,140,97,142
2,4535,60,138,99,131,132,137,97,158,98,140,98,143
2,4536,61,139,98,131,132,138,98,158,98,140,97,142
2,4537,60,138,99,131,132,137,98,158,98,141,98,142
2,4538,60,138,99,131,131,137,97,158,99,141,98,142
2,4539,61,139,99,131,131,138,97,158,98,141,98,143
2,4540,61,137,98,131,131,138,97,158,98,141,97,142
2,4541,60,138,99,131,131,137,98,160,98,141,98,143
2,4542,60,138,99,131,130,138,97,159,99,141,98,143
2,4543,61,138,99,131,131,137,97,158,99,141,98,142
2,4544,60,138,99,131,131,137,97,157,98,141,98,141
2,4545,60,138,98,131,131,138,98,158,98,141,98,142
2,4546,61,138,98,131,131,138,97,157,98,141,98,142
2,4725,62,138,98,131,132,138,97,158,98,141,97,142
2,4726,63,138,99,131,131,138,97,159,98,141,97,143
2,4727,62,138,98,131,132,138,97,158,98,141,97,143
2,4728,62,138,98,132,131,138,97,157,98,141,97,142
2,4729,61,138,98,132,132,138,97,158,98,141,97,142
2,4730,61,138,98,131,132,138,97,157,98,141,97,142
2,4731,62,138,98,132,132,137,97,157,98,141,98,142
2,4732,62,138,98,131,131,138,97,158,98,141,97,143
2,4861,57,143,99,129,134,142,97,169,98,137,98,155
2,4862,57,142,99,128,134,142,96,167,98,138,97,154
2,4863,58,143,99,130,133,142,96,168,98,138,96,154
2,4864,59,142,98,130,133,141,97,170,98,137,97,157
2,4865,58,141,98,130,132,139,96,168,98,138,96,155
2,4870,62,140,99,131,130,139,98,160,98,142,98,145
2,4871,60,141,98,131,129,140,97,164,98,140,98,150
2,4872,59,142,99,130,130,141,97,170,99,138,98,155
2,4873,58,143,100,130,130,141,98,169,99,138,98,154
2,4874,59,142,100,131,129,140,98,168,99,139,99,154
2,4875,59,142,99,132,128,139,98,169,99,138,98,155
2,4876,59,142,99,130,129,138,98,170,98,138,98,157
2,4951,60,137,99,131,131,137,97,157,98,141,97,142
2,4952,60,138,99,131,130,138,97,158,98,141,97,142
2,4953,60,137,98,131,131,137,97,157,98,141,97,142
2,4954,60,138,98,131,131,138,97,157,98,141,97,142
2,4955,61,137,98,131,132,139,97,156,98,141,98,141
2,4956,61,138,98,131,131,138,97,157,98,141,97,142
2,4957,61,138,98,131,132,138,97,158,98,141,97,142
2,4958,61,138,98,131,131,138,97,158,98,141,97,142
2,4959,61,138,98,131,132,138,97,157,98,141,97,143
2,4960,61,138,98,131,131,137,97,157,98,141,98,142
2,4961,61,138,98,131,131,138,98,157,98,141,97,143
2,4962,61,137,98,131,131,138,97,157,98,141,97,142
2,4963,61,137,98,131,131,137,97,157,98,141,97,141
2,4964,60,138,98,131,132,138,97,158,98,141,97,142
2,4965,61,138,98,131,131,138,97,158,98,141,97,143
2,4966,61,138,98,131,131,138,98,158,98,141,97,142
2,4967,61,138,99,131,131,138,98,158,98,141,97,142
2,4968,62,138,98,131,131,138,97,157,98,141,97,142
2,4969,61,137,98,131,131,138,98,157,98,141,97,142
2,4970,62,138,98,131,131,138,97,157,98,141,97,141
2,4971,61,138,98,131,131,138,97,157,98,141,97,142
2,4972,61,138,98,131,131,138,97,157,98,141,97,142
2,4973,62,138,98,131,131,138,97,157,98,141,97,142
2,5030,62,138,98,131,131,138,97,158,98,140,98,143
2,5031,62,138,98,131,131,138,97,158,98,141,97,142
2,5032,61,138,99,131,131,138,97,158,98,141,97,143
2,5033,62,139,99,131,131,139,97,158,98,141,97,142
2,5034,62,139,98,131,131,138,98,158,98,141,98,143
2,5035,61,139,98,131,132,139,97,158,98,141,97,142
2,5036,61,139,98,130,132,139,97,158,98,141,97,142
2,5037,62,139,98,131,131,138,97,158,98,141,97,142
2,5038,62,139,99,130,132,139,97,158,98,141,97,142
2,5039,62,138,98,131,132,139,97,158,98,140,97,143
2,5040,61,139,99,131,131,139,97,158,97,140,98,143
2,5041,62,140,98,131,131,139,98,158,98,140,98,143
2,5042,61,140,99,130,131,139,98,159,98,140,98,144
2,5043,62,139,99,131,131,139,97,159,98,140,97,143
2,5044,60,139,99,131,131,138,97,159,98,140,97,143
2,5045,61,139,98,130,132,138,97,159,97,140,98,144
2,5046,61,139,98,130,132,139,97,159,98,140,97,144
2,5047,61,139,98,130,131,139,97,160,98,141,97,143
2,5048,61,139,99,131,132,140,97,160,98,139,98,145
2,5049,62,139,98,131,131,139,98,161,98,140,98,146
