1,2046,59,139,99,137,135,135,99,150,99,141,99,143
1,2047,59,138,98,137,134,135,99,149,98,141,99,143
1,2048,60,138,98,137,134,135,99,150,98,141,99,143
1,2049,60,138,98,137,134,136,99,149,98,141,99,142
1,2050,61,138,99,137,133,137,99,149,99,141,99,143
1,2051,61,138,99,137,134,137,99,149,99,141,99,142
1,2052,61,138,98,137,134,137,99,148,98,141,99,142
1,2053,61,138,99,137,134,138,99,148,99,141,99,143
1,2054,60,138,99,137,134,137,99,150,99,141,99,143
1,2055,61,138,99,137,134,137,99,149,99,141,99,142
1,2056,61,140,99,137,132,138,99,149,99,141,99,143
1,2057,62,139,99,137,132,139,99,149,99,141,99,142
1,2058,61,139,98,137,133,138,98,150,98,141,98,143
1,2059,62,139,98,137,134,138,98,149,98,141,98,142
1,2060,61,139,99,137,133,139,99,148,99,141,99,142
1,2061,62,139,99,137,133,138,99,149,99,141,99,142
1,2062,61,139,99,137,133,138,99,149,99,141,99,142
1,2063,62,139,99,137,132,138,99,149,99,141,99,142
1,2064,62,139,98,137,133,138,98,149,98,141,98,143
1,2065,62,139,99,137,133,138,99,149,99,141,99,143
1,2066,62,139,98,137,133,138,98,149,98,140,98,143
1,2067,62,139,98,137,133,138,98,149,98,141,98,143
1,2068,62,139,99,137,133,138,99,149,99,141,99,142
1,2069,62,139,99,137,133,139,99,149,99,141,99,142
1,2070,62,139,99,137,133,139,99,150,98,141,99,143
1,2071,62,139,99,137,133,139,98,148,98,141,98,142
1,2072,62,140,98,137,134,138,98,148,98,141,98,142
1,2073,63,140,99,137,133,139,99,149,99,141,99,142
1,2074,62,140,99,137,134,139,99,149,98,141,99,143
1,2075,63,140,98,137,133,139,98,149,98,140,98,143
1,2076,63,141,98,137,133,139,98,149,98,141,98,143
1,2077,63,141,98,136,132,139,98,150,98,141,98,144
1,2078,64,141,98,136,132,140,98,151,98,141,98,143
1,2079,64,141,98,137,132,139,98,150,98,141,98,143
1,2080,64,142,98,137,132,139,99,151,98,141,98,143
1,2081,65,142,98,137,132,140,98,151,98,141,98,144
1,2082,64,142,98,136,131,141,98,150,98,141,98,143
1,2088,66,141,98,137,130,140,99,150,98,142,98,142
1,2089,65,141,98,137,131,140,98,151,98,141,98,144
1,2090,65,141,98,137,131,140,99,150,98,141,99,143
1,2091,66,141,99,137,130,141,98,151,98,141,98,143
1,2092,64,140,98,138,130,140,99,149,98,142,98,142
1,2094,64,141,99,137,131,139,98,151,98,142,98,143
1,2095,66,142,99,137,130,140,98,152,98,142,99,145
1,2096,64,142,98,137,132,140,99,152,98,142,99,144
1,2097,64,141,98,137,131,140,98,151,98,142,98,143
1,2098,64,141,98,137,132,140,98,150,98,142,98,142
1,2102,64,141,98,137,132,140,98,151,98,142,98,143
1,2103,64,141,98,136,133,140,98,151,98,141,98,143
1,2104,65,141,98,136,132,140,98,152,98,141,98,144
1,2105,65,141,98,137,132,140,98,151,98,141,98,143
1,2106,64,141,98,137,133,140,98,151,98,141,98,143
1,2107,65,141,98,137,132,140,98,150,98,142,98,143
1,2108,66,140,98,137,132,140,98,150,98,142,98,143
1,2109,66,141,98,138,131,139,99,148,98,142,98,141
1,2110,67,140,98,138,131,139,99,147,99,143,99,141
1,2111,66,140,99,138,131,139,99,148,99,142,99,140
1,2112,66,140,98,138,131,140,99,148,98,143,99,142
1,2113,67,140,98,138,130,140,98,149,98,142,98,143
1,2114,67,141,99,138,130,141,98,151,99,142,98,144
1,2115,67,142,98,138,131,141,99,152,98,142,99,144
1,2116,67,141,98,138,131,141,98,152,98,142,98,144
1,2117,68,141,98,137,130,142,98,151,99,142,98,144
1,2118,67,142,98,138,131,141,98,152,98,142,98,144
1,2119,68,141,99,138,130,141,98,151,98,142,99,144
1,2134,67,140,98,138,130,138,98,152,99,143,99,144
1,2135,69,141,98,138,128,140,99,150,99,143,98,142
1,2136,69,142,99,137,129,141,99,151,98,142,99,142
1,2137,70,142,99,138,128,141,99,151,98,143,98,142
1,2138,68,141,99,138,129,141,99,153,98,142,98,145
1,2139,67,140,98,137,130,141,98,154,98,142,99,146
1,2140,67,140,98,137,130,141,98,154,98,141,98,146
1,2141,67,139,98,138,129,140,98,152,98,141,98,144
1,2142,66,140,98,138,132,138,99,148,98,142,98,142
1,2143,66,138,98,138,132,138,99,149,98,142,98,143
1,2144,65,139,98,138,132,137,98,149,98,142,98,142
1,2145,65,139,98,138,132,138,97,149,98,142,98,142
1,2146,65,139,99,138,132,137,98,150,98,141,98,142
1,2147,65,138,98,138,132,137,98,149,99,141,98,142
1,2148,66,139,99,138,130,138,99,149,98,142,98,142
1,2149,66,139,98,138,131,137,98,149,98,141,98,142
1,2150,65,140,98,138,132,137,98,149,98,141,98,142
1,2151,66,138,99,138,131,138,98,149,99,142,99,142
1,2152,66,138,98,138,132,137,98,148,98,142,98,142
1,2153,67,139,98,138,132,137,98,148,98,142,98,142
1,2154,66,139,98,138,130,137,98,148,98,142,98,142
1,2155,65,139,98,138,133,137,98,148,99,141,99,142
1,2156,65,138,98,138,133,137,99,148,98,142,98,142
1,2157,66,139,98,138,132,137,98,149,98,141,98,141
1,2158,66,138,98,138,132,137,98,148,98,142,98,142
1,2159,66,139,98,138,132,137,98,148,98,142,98,141
1,2160,66,138,98,138,132,137,98,149,98,141,98,141
1,2161,65,138,98,138,132,137,98,149,98,142,98,142
1,2162,66,138,98,138,132,137,98,148,98,141,98,142
1,2163,65,138,98,138,131,137,98,148,99,141,98,141
1,2164,66,139,98,138,130,138,98,148,98,141,98,141
1,2165,65,138,98,138,132,137,99,148,98,142,98,141
1,2166,65,138,98,137,133,137,98,148,98,142,98,141
1,2167,65,139,98,138,132,137,98,148,98,142,98,141
1,2168,64,138,98,138,132,137,98,149,98,141,98,141
1,2169,66,138,98,138,132,137,98,149,98,142,98,141
1,2170,66,138,98,138,132,137,98,148,98,141,98,142
1,2171,66,138,98,139,133,136,98,148,98,141,98,142
1,2172,64,138,98,138,132,136,99,148,99,142,99,142
1,2181,60,141,100,138,129,140,100,159,100,142,100,149
1,2182,59,140,100,138,130,139,101,161,99,142,100,152
1,2183,60,141,100,137,130,140,101,159,99,143,101,150
1,2184,62,143,100,137,128,142,101,156,100,143,100,147
1,2185,63,143,100,137,127,142,101,156,100,142,101,147
1,2186,64,144,100,137,127,142,101,156,100,143,100,147
1,2187,64,143,100,138,127,143,101,155,100,144,100,146
1,2199,60,145,100,135,133,146,100,159,100,141,100,151
1,2200,62,144,100,136,132,145,100,152,99,142,100,144
1,2201,63,143,100,136,132,144,100,148,100,141,100,141
1,2202,64,144,100,136,131,145,101,150,100,141,100,142
1,2203,64,144,99,136,131,145,99,153,99,141,99,145
1,2227,59,142,99,135,134,142,99,162,98,140,99,154
1,2228,59,142,99,135,134,142,99,162,98,139,99,154
1,2229,59,141,100,137,133,140,100,157,100,141,99,150
1,2230,62,141,100,138,131,140,100,150,99,143,99,143
1,2231,63,140,99,138,130,140,100,150,99,143,100,143
1,2232,64,141,99,137,130,143,101,152,99,143,100,146
1,2417,61,138,97,137,134,137,98,152,98,141,98,143
1,2418,62,138,98,137,133,137,97,150,98,141,98,142
1,2419,61,138,98,138,134,137,98,153,98,141,98,143
1,2420,61,138,97,137,134,137,98,152,97,141,97,143
1,2421,61,138,98,137,134,137,98,151,98,141,98,142
1,2422,61,138,98,137,134,136,98,152,98,142,98,143
1,2423,61,138,98,137,135,137,97,152,98,141,97,143
1,2424,61,137,98,137,134,137,97,152,98,142,97,143
1,2425,61,138,98,137,134,137,98,152,98,141,98,143
1,2426,62,138,98,137,133,137,97,152,98,142,98,142
1,2427,61,138,98,138,134,137,98,152,98,141,98,143
1,2428,62,137,97,137,134,138,98,151,97,141,98,142
1,2429,62,138,98,137,133,138,98,152,98,142,98,143
1,2430,61,138,98,137,133,137,98,152,98,141,98,143
1,2431,63,138,98,137,133,138,98,152,98,141,98,143
1,2432,62,138,98,137,134,137,97,151,98,141,97,142
1,2433,63,138,98,137,134,138,99,151,98,142,98,143
1,2434,62,138,98,137,133,137,98,151,98,142,98,142
1,2435,62,139,98,137,133,137,98,151,98,141,98,143
1,2436,63,138,97,137,132,137,98,150,98,141,98,141
1,2437,64,139,98,137,131,138,97,148,98,142,97,139
1,2438,64,139,98,137,131,138,97,148,98,141,97,141
1,2439,64,139,98,137,132,138,97,148,98,141,98,139
1,2440,64,139,98,137,132,138,96,148,98,141,97,139
1,2441,64,139,97,137,133,138,97,148,97,141,97,140
1,2442,64,139,97,137,132,138,97,148,98,141,97,140
1,2443,65,139,98,137,131,138,96,148,98,141,97,140
1,2444,65,140,98,137,130,138,97,147,98,141,97,138
1,2445,64,139,98,137,130,138,97,145,98,142,97,136
1,2446,66,140,98,137,129,138,97,146,98,142,97,136
1,2447,65,139,98,138,130,138,97,148,98,142,97,140
1,2448,66,140,98,137,130,138,98,143,98,142,98,133
1,2449,65,140,98,137,128,138,97,145,98,142,97,135
1,2450,64,140,98,138,130,138,97,148,98,141,98,139
1,2451,64,140,99,137,129,138,97,147,98,142,97,137
1,2452,66,140,98,138,128,138,97,148,98,142,97,138
1,2457,67,139,98,137,129,138,98,143,98,142,98,132
1,2458,67,140,99,137,129,138,98,144,98,142,98,133
1,2459,67,139,98,137,129,139,98,143,98,142,98,132
1,2460,67,139,98,137,129,139,98,144,98,142,98,132
1,2461,68,139,99,137,125,139,98,146,98,142,97,135
1,2464,69,140,98,138,126,139,97,143,98,143,97,131
1,2465,70,141,98,138,125,140,97,145,98,144,97,133
1,2466,68,140,98,138,127,139,97,148,98,143,98,136
1,2467,67,140,98,137,128,139,98,144,98,143,98,133
1,2468,69,141,98,137,126,139,99,142,98,143,98,131
1,2469,69,140,98,137,126,139,97,143,98,143,98,131
1,2470,66,140,99,138,129,139,99,153,99,142,98,143
1,2473,65,140,98,137,131,139,98,158,98,144,98,145
1,2474,66,140,98,138,131,139,99,158,98,143,99,148
1,2475,68,140,98,138,128,139,98,145,98,144,98,134
1,2476,68,140,98,137,128,139,98,143,98,144,98,132
1,2477,68,140,98,138,127,139,97,147,98,143,97,136
1,2478,66,139,98,138,130,139,98,151,98,143,97,141
1,2479,64,139,98,137,132,139,98,155,98,142,98,145
1,2480,65,139,98,137,132,139,99,153,98,142,98,144
1,2481,64,139,98,137,132,139,98,153,98,142,98,143
1,2482,65,139,98,137,132,139,99,154,98,142,98,144
1,2483,65,138,98,137,132,139,98,152,98,143,98,143
1,2484,65,139,98,137,132,138,98,151,98,142,98,143
1,2485,65,140,98,137,131,139,97,151,98,142,97,142
1,2486,65,139,98,136,132,139,98,152,98,141,98,143
1,2487,66,140,98,136,132,140,97,152,98,141,97,143
1,2488,66,139,98,136,132,140,97,151,98,141,97,143
1,2489,66,140,98,137,132,140,97,149,98,141,98,142
1,2490,66,140,98,137,132,139,98,149,98,142,98,141
1,2491,66,140,97,137,132,139,98,149,98,142,98,141
1,2492,66,140,97,137,132,139,97,149,98,142,97,141
1,2493,66,140,97,137,132,139,97,150,98,142,97,142
1,2494,66,140,98,137,132,139,98,150,98,142,98,142
1,2495,66,140,98,137,132,139,98,150,98,142,98,142
1,2496,66,140,98,137,132,139,98,150,98,142,98,142
1,2497,64,140,98,137,132,139,98,150,98,142,98,142
1,2498,65,140,98,137,130,138,98,148,98,142,98,142
1,2499,65,140,98,137,130,139,98,149,98,142,97,142
1,2500,66,140,98,138,130,139,97,149,98,142,97,142
1,2501,66,140,98,138,131,139,99,147,98,142,99,138
1,2502,65,140,99,137,128,139,98,146,99,142,98,137
1,2503,66,140,98,138,129,139,98,148,98,142,98,140
1,2504,66,140,98,137,129,139,98,145,98,142,98,135
1,2505,65,140,98,138,129,139,98,147,98,141,98,140
1,2506,66,140,98,138,129,139,98,144,98,143,98,134
1,2507,66,139,99,138,129,138,98,145,98,142,98,136
1,2508,65,139,99,138,128,138,98,145,99,143,98,136
1,2509,65,140,99,138,129,138,99,143,99,142,98,133
1,2510,65,139,99,138,129,138,99,143,99,142,99,133
1,2511,66,140,99,137,128,139,99,143,99,143,99,132
1,2512,66,140,99,138,127,139,99,144,99,143,98,133
1,2513,65,140,99,138,127,138,98,143,99,143,98,132
1,2514,65,140,99,138,129,138,99,143,99,142,99,132
1,2515,67,140,99,137,127,139,98,143,99,142,98,131
1,2516,66,140,99,137,126,139,98,144,98,142,98,133
1,2517,67,140,99,137,127,139,98,143,98,143,98,132
1,2518,66,140,99,138,126,139,98,145,99,142,98,135
1,2519,67,140,99,138,127,139,99,144,99,142,99,133
1,2520,66,140,99,138,127,138,99,143,99,142,98,132
1,2521,66,140,99,138,127,138,99,143,98,143,98,132
1,2522,66,139,99,138,127,138,98,144,99,142,98,133
1,2523,66,140,98,138,128,138,98,144,98,142,98,133
1,2524,66,139,99,137,126,139,98,146,98,143,98,135
1,2525,69,140,98,137,125,140,99,147,98,142,98,135
1,2668,62,138,98,137,135,135,99,150,99,142,99,140
1,2669,62,138,98,138,135,135,100,151,98,142,99,142
1,2670,61,137,98,138,135,135,99,152,99,142,99,142
1,2671,62,137,98,137,134,136,98,151,98,142,98,140
1,2672,62,137,98,137,135,135,99,151,98,141,99,141
1,2673,61,138,98,138,135,135,99,151,99,142,99,142
1,2674,61,137,98,137,134,135,99,151,99,142,99,141
1,2675,63,138,98,137,133,135,98,151,98,142,98,142
1,2676,65,134,99,135,127,132,99,137,99,141,99,128
1,2677,66,136,99,139,125,138,100,150,99,142,100,142
1,2678,58,134,100,134,128,134,100,157,100,138,100,146
1,2679,54,134,100,131,127,131,98,156,100,137,99,145
1,2738,68,140,98,139,129,138,99,153,98,143,98,144
1,2739,68,139,98,139,130,137,99,154,98,144,98,145
1,2740,66,140,98,136,131,138,98,160,98,142,99,150
1,2741,65,139,98,138,134,136,99,158,98,142,99,150
1,2742,65,139,97,137,135,135,99,156,98,142,99,148
1,2743,66,137,98,138,133,135,99,155,98,142,99,146
1,2744,66,138,97,138,133,135,99,156,97,142,98,147
1,2745,67,137,97,138,133,136,99,156,97,142,98,147
1,2746,67,138,98,137,132,136,98,155,98,142,98,146
1,2747,67,139,98,138,131,137,98,154,98,142,98,145
1,2748,67,139,98,137,130,138,99,154,98,142,98,145
1,2749,67,139,98,137,131,138,99,156,98,142,98,147
1,2750,65,138,98,136,132,137,99,157,99,141,98,147
1,2751,64,138,97,137,133,136,99,156,97,141,99,147
1,2752,63,136,98,136,132,136,98,157,98,142,99,146
1,2753,63,135,98,136,132,133,98,157,98,142,98,147
1,2754,63,133,98,135,132,131,98,155,98,140,98,145
1,2755,61,131,98,136,130,127,98,154,98,139,98,143
1,2768,54,133,100,135,119,131,96,155,99,139,97,144
1,2769,54,133,100,135,118,132,97,156,100,138,98,145
1,2770,53,135,100,135,121,129,98,155,99,139,99,143
1,2771,54,135,100,134,117,132,97,155,99,138,98,144
1,2772,52,133,100,135,120,131,97,157,99,140,98,146
1,2887,64,141,98,137,130,138,99,157,98,142,98,148
1,2888,64,140,97,138,132,137,98,156,97,142,98,147
1,2889,64,140,98,138,131,138,98,155,98,143,98,146
1,2890,64,139,98,138,131,138,98,155,98,143,98,147
1,2891,64,140,98,138,131,138,99,154,98,142,98,147
1,2892,64,140,98,138,131,138,99,155,98,142,98,147
1,2893,65,139,98,138,131,137,98,155,98,142,98,147
1,2894,65,139,98,138,131,138,98,155,98,142,98,146
1,2895,64,139,98,138,131,137,98,155,98,142,98,147
1,2896,64,139,98,138,131,137,98,155,98,142,98,146
1,2897,64,139,98,138,131,137,98,154,98,142,98,146
1,2898,64,139,97,138,131,137,98,154,98,142,98,146
1,2899,64,139,98,138,131,137,98,154,98,142,98,146
1,2900,64,139,97,138,131,137,98,153,97,142,98,146
1,2901,63,139,98,138,131,137,98,154,98,143,98,146
1,2902,64,139,98,138,131,137,98,153,98,142,98,145
1,2903,65,139,98,138,132,136,99,153,98,143,98,144
1,2904,64,139,98,138,132,136,98,154,98,142,98,145
1,2905,64,139,97,138,132,137,98,153,97,143,98,144
1,2906,64,139,97,137,132,136,98,152,97,142,98,143
1,2907,65,139,97,138,132,136,99,152,98,142,98,144
1,2908,64,139,98,138,132,136,98,151,98,142,98,143
1,2909,65,139,98,138,132,136,98,151,98,143,98,143
1,2910,64,139,98,138,133,136,99,151,98,142,98,142
1,2911,64,139,97,138,133,136,98,151,98,143,98,143
1,2912,64,139,98,138,132,137,98,150,98,142,98,142
1,2913,64,138,98,138,133,136,98,150,98,142,98,143
1,2914,64,139,98,138,132,137,98,151,98,142,98,142
1,2915,63,139,98,138,132,136,98,149,98,142,98,142
1,2916,63,139,98,137,133,136,98,150,98,142,98,143
1,2917,64,139,98,138,133,136,98,150,98,142,98,143
1,2918,65,138,98,138,132,136,98,150,98,142,98,143
1,2919,64,139,98,138,131,136,98,150,98,143,98,143
1,2920,65,139,98,139,131,136,98,150,98,143,98,143
1,2921,65,140,97,138,131,137,98,150,97,142,97,144
1,2922,65,140,97,138,131,137,98,152,97,142,98,145
1,2923,65,139,98,138,132,137,98,151,98,143,98,143
1,2924,65,139,98,138,131,137,98,151,98,143,98,143
1,2925,65,139,98,138,131,137,98,151,98,143,98,144
1,2926,64,139,98,138,132,136,98,148,98,142,98,142
1,2927,65,139,98,138,132,137,99,149,98,142,98,142
2,3046,64,138,98,138,132,136,99,149,98,142,98,142
2,3047,64,138,98,138,133,136,99,148,98,142,99,142
2,3048,64,138,98,138,133,136,99,149,98,142,98,142
2,3049,64,138,98,138,133,136,99,149,98,142,98,142
2,3050,65,138,98,138,133,136,99,149,98,142,99,142
2,3051,64,138,98,138,134,136,99,149,98,143,98,142
2,3052,64,138,98,138,133,136,99,148,98,142,99,142
2,3053,64,138,98,138,133,136,99,149,98,142,98,142
2,3054,63,138,98,138,134,136,99,149,98,142,98,141
2,3055,64,138,98,138,133,136,99,148,98,142,99,141
2,3056,64,138,98,138,133,136,100,149,98,143,99,142
2,3057,64,138,98,138,133,136,98,148,98,142,98,142
2,3058,64,138,97,138,132,136,98,149,97,143,98,142
2,3059,64,138,98,138,133,135,99,149,98,142,98,142
2,3060,64,138,97,138,132,136,99,149,97,142,98,142
2,3061,64,138,98,138,134,136,99,149,98,142,98,142
2,3062,63,138,97,138,134,136,99,149,98,143,98,142
2,3063,64,139,98,138,132,136,98,149,97,143,98,142
2,3064,64,138,98,138,133,136,98,149,98,142,98,142
2,3065,64,138,98,138,133,136,99,149,98,142,98,142
2,3066,63,138,98,138,133,135,99,149,98,142,99,143
2,3067,64,138,98,138,133,136,99,149,98,143,98,142
2,3068,64,138,98,138,134,136,99,149,97,142,98,143
2,3069,64,138,98,138,133,136,98,149,98,142,99,142
2,3070,65,138,98,138,132,136,98,149,98,143,98,143
2,3071,64,139,98,138,133,136,99,149,98,143,98,142
2,3072,65,138,98,138,132,136,99,149,98,143,99,142
2,3073,64,139,98,138,132,136,99,149,98,143,98,142
2,3074,64,138,98,138,132,136,99,149,98,142,98,142
2,3075,65,138,98,138,132,137,99,148,98,142,98,142
2,3076,64,139,98,138,132,137,99,149,98,142,98,142
2,3077,65,138,98,138,131,137,98,149,98,143,98,143
2,3078,65,139,98,138,131,137,98,149,98,143,98,142
2,3079,63,139,98,139,134,136,99,149,98,143,98,142
2,3080,64,138,98,139,132,137,99,148,98,142,98,142
2,3081,65,139,97,138,132,136,99,149,97,143,98,142
2,3082,65,138,98,138,132,136,99,149,98,142,98,142
2,3083,66,138,97,138,131,137,98,148,97,142,98,139
2,3084,65,139,98,138,131,136,98,149,98,143,98,141
2,3085,65,138,98,138,132,137,98,148,98,142,98,140
2,3086,64,137,98,138,133,136,99,148,98,142,98,141
2,3087,64,138,98,138,132,136,99,147,98,142,98,140
2,3088,64,138,98,138,133,136,98,147,98,143,98,140
2,3089,65,138,98,138,133,136,98,148,98,143,98,140
2,3090,65,138,98,138,132,136,98,148,98,143,98,140
2,3091,66,138,98,138,131,136,98,148,98,142,98,141
2,3092,66,139,98,138,130,137,98,145,98,143,98,135
2,3093,66,138,98,138,131,137,98,145,98,142,98,136
2,3094,66,138,98,138,130,137,99,147,98,143,98,138
2,3095,66,138,98,138,130,137,99,145,98,143,98,135
2,3096,66,138,98,138,131,137,98,145,98,142,98,136
2,3097,66,139,98,138,130,137,99,144,98,142,98,135
2,3098,67,139,97,138,130,137,98,142,98,142,98,133
2,3099,65,138,98,138,131,137,98,144,98,142,98,135
2,3100,65,138,98,138,132,136,98,147,98,142,98,139
2,3101,66,138,98,138,131,137,98,144,98,143,98,135
2,3102,66,138,98,138,131,136,99,143,98,143,98,133
2,3103,66,138,98,137,132,136,98,142,97,142,98,133
2,3104,66,138,98,138,131,136,99,143,98,143,98,133
2,3105,66,138,97,138,131,136,98,143,97,143,98,134
2,3106,66,138,98,138,131,136,98,145,98,142,98,136
2,3107,67,138,98,138,130,136,99,145,98,143,98,135
2,3108,67,138,98,138,130,137,99,143,98,143,98,133
2,3109,67,138,97,138,131,136,98,143,98,143,98,134
2,3110,67,139,97,138,131,137,98,144,98,143,98,134
2,3111,67,138,97,138,130,136,98,143,97,143,98,133
2,3112,67,138,97,138,130,136,98,144,98,142,98,135
2,3113,66,138,97,138,130,137,98,144,97,142,97,135
2,3114,67,139,97,137,130,137,98,142,98,143,97,133
2,3115,67,138,97,138,131,136,99,143,97,143,98,134
2,3116,66,139,97,138,132,136,98,145,97,142,98,136
2,3117,67,139,97,138,131,136,98,143,97,143,97,133
2,3118,66,139,97,137,131,136,98,143,97,142,97,134
2,3119,67,139,97,138,131,136,98,145,97,142,97,136
2,3120,67,139,97,138,130,136,98,144,97,143,97,135
2,3121,66,138,97,138,131,136,98,146,97,142,97,137
2,3122,67,139,98,137,130,137,98,142,98,142,98,133
2,3123,68,139,97,138,129,137,97,144,97,142,96,135
2,3124,67,138,98,138,130,136,98,145,98,142,97,135
2,3125,67,139,98,138,131,136,98,146,98,142,98,139
2,3126,66,138,97,138,131,136,97,147,97,142,97,139
2,3127,68,139,97,138,129,137,98,143,97,143,97,134
2,3128,68,139,97,138,130,136,98,144,97,142,97,134
2,3129,67,139,97,138,130,137,98,146,97,142,97,136
2,3130,67,138,97,138,130,136,98,143,97,143,97,133
2,3131,66,139,98,138,130,137,98,144,98,142,98,135
2,3132,66,138,98,138,130,137,98,143,98,143,98,134
2,3133,66,139,97,138,130,137,97,143,97,143,97,134
2,3134,66,139,97,138,130,136,97,145,97,143,97,136
2,3135,67,139,98,138,130,136,98,144,98,142,98,134
2,3136,67,139,97,138,129,137,97,145,97,143,97,135
2,3137,67,139,98,138,129,137,98,145,98,142,98,135
2,3138,67,139,98,138,130,137,98,144,98,142,98,135
2,3139,67,138,98,138,130,137,98,143,98,142,98,135
2,3140,67,139,97,138,129,136,97,145,97,142,97,135
2,3141,67,139,98,137,129,137,98,143,98,143,98,133
2,3142,67,138,98,138,130,136,98,142,98,143,98,133
2,3143,67,139,97,138,131,136,98,145,97,142,98,135
2,3144,67,138,98,138,132,135,98,145,98,142,98,135
2,3145,67,138,98,138,131,136,99,146,98,142,98,136
2,3146,67,138,98,138,131,136,98,145,98,143,98,135
2,3147,65,138,97,138,131,135,98,145,97,142,98,137
2,3148,65,138,98,138,131,135,99,145,98,142,98,136
2,3149,67,138,98,138,132,135,99,145,98,142,98,136
2,3150,67,138,97,138,132,135,99,146,97,142,98,137
2,3151,66,137,98,138,132,135,99,145,98,142,98,136
2,3152,66,138,97,138,131,135,98,145,97,142,98,135
2,3153,66,138,98,138,131,135,99,143,98,143,98,133
2,3154,66,138,98,138,131,135,98,145,98,142,98,134
2,3155,67,138,98,138,131,136,99,143,97,143,98,133
2,3156,68,138,98,138,130,137,98,142,97,142,98,132
2,3157,67,139,98,138,130,136,98,143,98,142,98,133
2,3158,67,138,98,138,131,136,99,143,98,143,98,133
2,3159,67,138,98,138,130,136,99,142,98,142,98,133
2,3160,67,138,98,138,131,135,99,142,98,142,98,133
2,3161,67,138,97,138,131,135,99,143,97,143,98,132
2,3162,67,138,98,138,131,135,98,142,98,143,98,132
2,3163,66,137,98,138,131,135,98,145,98,142,98,135
2,3164,67,137,97,137,131,135,99,143,98,143,98,133
2,3165,67,138,97,138,131,135,99,142,97,142,98,133
2,3166,67,138,98,138,130,135,98,144,98,143,98,135
2,3167,66,138,97,138,131,135,99,142,97,143,98,132
2,3168,67,138,98,138,131,135,98,143,98,143,98,133
2,3169,67,138,98,138,130,135,98,145,98,142,98,136
2,3170,68,138,97,138,131,135,99,143,97,143,98,133
2,3171,67,138,97,138,131,135,99,142,97,143,98,132
2,3172,67,138,98,138,130,135,99,143,97,143,98,133
2,3173,67,138,98,138,131,135,98,142,98,142,98,132
2,3174,66,138,98,138,131,135,98,143,98,143,98,132
2,3175,66,138,98,139,130,136,98,143,98,143,98,133
2,3176,66,138,98,137,130,136,99,142,98,143,98,132
2,3177,69,139,98,137,128,137,99,140,98,143,98,127
2,3178,68,138,98,138,128,137,98,141,98,143,98,129
2,3179,68,139,98,137,128,137,98,141,98,143,98,130
2,3180,68,139,98,138,129,136,98,141,98,143,98,130
2,3181,69,139,98,137,128,136,98,141,98,143,97,129
2,3182,68,138,98,137,128,137,98,140,98,143,98,129
2,3183,68,138,98,138,130,136,98,142,98,143,98,131
2,3184,67,138,97,138,130,137,99,142,98,143,98,131
2,3185,69,139,97,138,129,137,98,142,97,143,98,131
2,3186,68,139,98,138,129,137,99,142,98,143,98,132
2,3187,69,141,98,137,127,140,97,149,98,143,97,139
2,3188,67,141,97,137,129,140,97,153,97,141,97,145
2,3230,62,147,99,133,132,147,99,161,99,140,99,152
2,3231,61,146,99,133,132,146,99,161,99,140,99,152
2,3232,62,145,99,135,131,144,99,155,98,141,98,147
2,3233,63,142,98,136,131,142,99,150,99,142,99,142
2,3234,62,144,99,135,133,142,99,150,98,141,99,143
2,3235,60,145,99,134,134,143,99,154,98,140,99,146
2,3236,60,145,99,134,135,144,98,153,98,139,98,146
2,3237,60,144,99,134,134,145,98,154,98,140,99,147
2,3241,61,147,99,133,131,151,99,172,99,140,99,163
2,3242,63,148,99,133,131,151,99,171,99,140,99,161
2,3243,63,147,100,134,131,150,99,168,99,141,99,158
2,3244,63,146,99,134,130,149,99,166,99,141,99,156
2,3247,65,145,99,136,130,146,100,160,99,142,100,150
2,3248,63,144,99,136,131,145,99,160,99,142,100,150
2,3249,60,145,100,135,132,144,99,161,99,141,100,151
2,3250,59,144,100,135,132,144,99,161,100,141,99,151
2,3251,59,144,100,135,132,144,99,161,100,141,99,151
2,3252,59,143,100,136,132,142,100,160,100,142,99,151
2,3253,61,142,100,137,131,142,100,156,100,143,99,147
2,3254,62,141,99,137,130,140,100,152,100,143,100,143
2,3255,61,141,100,137,132,141,100,152,100,142,100,144
2,3256,60,142,100,135,133,143,99,155,99,141,99,146
2,3267,60,143,99,137,133,143,99,156,99,142,99,149
2,3268,59,142,100,136,133,143,99,157,99,141,98,149
2,3269,59,142,99,136,134,143,98,158,99,142,99,150
2,3270,59,142,99,136,134,143,99,158,99,142,98,150
2,3271,60,143,99,135,132,144,99,160,99,142,99,152
2,3283,60,141,99,138,132,138,100,152,99,143,99,144
2,3284,61,140,99,138,129,139,98,151,99,143,98,143
2,3285,63,142,99,138,128,141,99,156,99,144,99,147
2,3286,62,143,99,137,129,144,99,164,99,142,99,155
2,3287,60,144,99,137,130,143,99,165,99,142,99,155
2,3288,60,143,99,136,132,142,99,164,99,142,99,155
2,3289,60,142,99,136,132,142,99,161,99,141,99,152
2,3292,60,142,98,137,132,142,99,162,98,141,99,153
2,3293,60,142,99,136,132,142,99,158,98,142,99,150
2,3294,60,142,99,137,132,141,99,156,99,142,99,149
2,3295,61,142,99,136,132,141,99,156,98,142,99,147
2,3296,60,142,99,137,133,141,99,156,99,142,99,148
2,3297,60,142,99,136,132,141,99,156,99,142,99,148
2,3298,61,142,99,137,132,141,99,157,99,142,99,149
2,3299,61,143,99,136,132,141,99,154,99,142,99,147
2,3300,61,143,99,137,132,141,100,155,99,142,100,146
2,3301,61,143,99,137,132,141,100,154,99,142,99,146
2,3302,64,143,99,138,130,141,100,153,99,142,99,144
2,3305,67,146,99,137,126,144,100,156,99,143,99,147
2,3306,65,145,99,137,128,143,100,158,99,142,99,147
2,3307,64,145,99,137,130,143,100,157,99,142,99,147
2,3308,64,144,99,136,130,144,99,157,99,142,99,148
2,3326,64,144,100,138,127,143,100,153,99,143,100,144
2,3327,63,145,99,138,128,144,100,160,99,143,99,151
2,3328,63,148,99,135,127,147,99,172,99,142,99,161
2,3329,62,146,100,137,128,145,100,165,99,142,99,156
2,3330,64,144,99,138,127,143,100,153,99,144,99,145
2,3465,66,137,99,137,130,135,100,141,98,143,100,130
2,3466,66,136,99,137,131,135,101,142,98,143,100,130
2,3467,67,136,98,137,130,135,100,141,98,143,99,130
2,3468,66,137,98,137,131,135,100,141,99,143,100,130
2,3469,66,136,98,137,130,135,100,141,98,143,99,129
2,3470,66,136,98,137,130,135,100,141,99,143,99,130
2,3471,66,137,98,137,130,135,100,141,98,142,100,129
2,3472,66,137,98,138,130,134,99,140,98,142,99,129
2,3473,66,137,98,137,130,135,100,140,98,143,100,129
2,3474,66,137,98,137,128,135,100,139,98,143,99,128
2,3475,66,137,98,137,129,136,100,140,98,142,99,129
2,3476,67,137,99,137,129,136,99,140,98,143,99,129
2,3477,67,138,98,137,130,135,99,139,98,142,99,128
2,3478,66,137,98,137,129,136,99,139,98,143,99,128
2,3479,67,138,98,134,128,137,99,142,98,142,98,130
2,3480,67,139,98,134,128,137,99,141,98,142,98,130
2,3481,67,139,98,134,126,138,98,143,98,142,98,130
2,3482,67,137,98,136,130,137,99,139,98,143,99,128
2,3483,69,139,97,138,127,137,97,143,97,143,97,132
2,3484,70,141,98,137,128,139,99,157,98,141,99,147
2,3485,67,142,98,136,130,141,100,164,98,141,100,152
2,3486,67,144,98,136,129,144,98,167,98,141,98,155
2,3487,67,146,98,135,129,146,98,169,98,141,98,157
2,3488,66,147,98,134,130,147,98,171,98,141,99,159
2,3489,66,148,98,134,129,149,98,173,98,140,98,162
2,3791,68,138,98,138,127,139,98,148,98,141,98,142
2,3792,67,138,97,138,128,136,99,146,97,141,98,140
2,3793,68,138,97,138,128,137,98,147,97,140,98,140
2,3794,67,138,97,138,127,137,99,146,98,141,99,140
2,3795,68,138,97,138,127,137,99,146,98,141,98,140
2,3796,67,138,97,138,128,136,99,146,97,141,98,140
2,3800,67,138,98,138,128,136,99,147,98,141,99,140
2,3801,67,138,98,139,127,136,99,147,98,141,98,141
2,3802,68,139,97,138,127,137,98,145,97,141,98,139
2,3803,67,139,98,138,127,137,98,145,98,142,98,139
2,3804,66,137,98,138,129,136,99,143,98,142,99,135
2,3805,67,138,98,138,126,137,98,146,98,142,98,138
2,3806,67,139,98,138,127,137,98,146,98,142,98,137
2,3807,67,139,98,137,128,138,98,147,98,142,98,138
2,3808,68,138,99,135,128,138,99,151,99,142,99,137
2,3809,68,138,99,135,129,139,99,151,99,141,99,138
2,3810,69,139,98,136,127,139,98,151,98,141,98,139
2,3811,67,140,99,136,128,140,98,153,98,140,98,142
2,3812,68,139,98,137,127,140,98,153,98,141,98,142
2,3813,69,140,99,137,127,140,98,150,99,142,99,138
2,3814,68,140,99,134,127,140,101,146,99,142,101,132
2,3815,69,141,98,137,127,140,98,153,98,142,98,140
2,3816,69,140,98,137,128,139,98,153,98,142,98,140
2,3817,68,140,98,136,126,139,99,150,98,143,99,136
2,3818,70,141,99,136,124,141,99,144,99,142,100,132
2,3819,70,140,98,136,126,140,98,146,98,142,98,133
2,3820,66,136,99,133,128,136,98,145,98,141,99,131
2,3821,67,136,99,133,127,136,98,145,99,140,98,132
2,3822,67,136,99,133,127,136,98,144,99,141,98,131
2,3823,68,140,99,135,126,140,99,150,99,142,99,138
2,3824,69,140,98,137,126,139,98,150,98,141,98,139
2,3825,68,140,98,138,127,139,98,150,98,142,98,139
2,3826,69,140,98,138,126,140,98,150,98,142,98,138
2,3827,67,140,98,138,127,140,99,150,98,141,98,140
2,3828,67,141,98,138,126,141,98,150,98,142,98,140
2,3829,67,141,98,138,126,140,99,152,98,142,98,142
2,3830,67,141,98,138,127,140,98,150,98,141,98,141
2,3831,65,140,98,138,129,140,99,152,99,141,98,143
2,3832,64,140,98,137,130,140,99,151,98,141,99,142
2,3833,66,141,98,137,128,141,99,151,98,141,98,143
2,3834,66,142,98,138,127,141,98,149,98,142,99,140
2,3835,67,142,98,138,126,141,99,150,98,142,98,142
2,3836,67,142,98,138,126,141,98,149,98,142,99,142
2,3837,67,142,98,138,127,141,99,149,98,142,98,142
2,3838,68,141,98,138,126,141,98,148,98,142,98,142
2,3839,68,142,98,138,126,141,98,149,98,142,98,141
2,3840,68,142,98,138,126,141,98,147,98,142,98,140
2,3841,68,142,98,138,126,141,98,149,98,142,98,141
2,3842,68,142,97,138,127,140,98,147,98,142,98,137
2,3843,67,142,98,138,127,140,99,147,98,142,98,139
2,3844,68,142,98,138,127,140,99,145,98,142,98,135
2,3845,68,142,98,138,126,140,99,146,98,143,99,137
2,3846,68,142,98,138,126,140,98,146,98,142,98,136
2,3847,68,142,98,138,127,140,99,146,98,142,98,136
2,3848,68,142,98,138,127,140,98,146,98,142,98,137
2,3849,67,142,97,138,127,140,99,148,98,142,98,140
2,3850,67,142,98,138,127,140,99,146,98,142,98,136
2,3851,67,142,98,138,127,140,99,146,98,142,99,137
2,3852,67,142,98,138,126,140,98,146,98,142,98,136
2,3853,67,143,98,138,126,140,98,148,98,142,98,139
2,3854,69,143,98,138,126,141,98,147,98,143,98,137
2,3855,69,143,98,138,126,141,98,151,98,141,98,144
2,3856,69,143,98,137,125,142,98,152,98,142,98,144
2,3857,68,142,98,138,127,140,100,150,98,142,99,143
2,3858,69,142,98,139,126,140,99,148,98,143,99,140
2,3859,68,142,98,138,126,140,99,152,98,143,98,144
2,3860,66,142,99,138,126,140,99,153,98,142,98,146
2,3861,66,142,99,138,126,140,99,154,99,142,98,146
2,3862,65,143,98,138,126,140,99,153,98,142,99,146
2,3863,66,143,99,138,125,141,98,153,99,142,99,146
2,3864,66,143,99,138,126,141,99,153,99,142,99,145
2,3865,66,143,99,138,125,141,100,153,99,142,99,145
2,3866,66,143,99,138,126,140,100,153,99,142,99,145
2,3867,66,143,99,139,126,140,100,152,99,141,99,145
2,3868,66,142,99,138,125,140,100,152,99,142,99,144
2,3869,67,143,99,138,126,141,100,152,99,142,99,144
2,3870,66,143,98,139,126,141,99,151,98,142,99,144
2,3871,67,142,98,139,126,140,100,151,99,142,99,144
2,3872,66,143,98,139,126,140,100,152,98,142,99,144
2,3873,66,143,98,139,126,140,99,151,98,142,99,144
2,3874,66,143,99,138,126,140,99,152,99,142,99,145
2,3875,67,142,99,139,125,140,99,152,98,142,98,145
2,3876,66,143,99,139,125,141,99,151,99,142,99,144
2,3877,67,143,98,139,126,141,99,151,98,142,98,144
2,3878,67,143,99,139,125,140,99,151,98,142,98,144
2,3879,67,143,98,138,125,140,99,152,99,142,99,144
2,3880,67,143,99,138,125,141,99,152,99,142,99,144
2,3881,67,143,99,138,124,141,99,151,99,142,99,144
2,3882,67,143,98,139,125,140,99,151,98,142,99,144
2,3883,67,143,99,138,124,140,100,151,98,142,99,144
2,3884,67,143,98,138,125,140,99,152,98,142,99,144
2,3885,67,143,99,138,125,141,99,152,99,142,99,144
2,3886,66,143,99,139,125,141,100,151,99,142,99,144
2,3887,67,143,99,139,125,141,99,151,98,142,98,144
2,3888,67,143,99,139,124,141,99,151,99,142,99,145
2,3889,66,144,98,139,124,141,99,154,98,142,99,146
2,3890,67,144,99,138,124,142,100,154,98,142,99,146
2,3891,66,144,99,138,124,142,99,155,99,142,100,147
2,3892,66,144,99,138,124,142,99,156,99,142,99,148
2,3893,66,144,99,138,123,142,99,156,99,143,99,148
2,3894,66,144,99,138,124,142,99,157,99,142,99,148
2,3895,65,144,99,138,124,142,99,156,98,142,98,147
2,3896,65,144,99,138,124,141,99,157,99,142,99,147
2,3897,65,144,99,138,123,142,99,156,99,142,99,147
2,3902,65,145,99,138,124,142,99,157,99,142,99,148
2,3903,64,144,99,138,123,142,99,157,99,142,99,148
2,3904,65,144,99,138,122,143,98,157,99,142,98,148
2,3905,65,145,100,138,123,142,99,158,99,141,99,149
2,3906,65,145,100,137,122,143,98,158,99,141,99,148
2,3910,64,145,100,137,123,142,98,158,99,142,99,149
2,3911,64,145,99,137,123,143,99,157,99,142,99,148
2,3912,64,145,100,138,123,143,98,157,99,142,99,148
2,3913,64,145,100,137,122,143,98,157,99,142,99,148
2,4067,69,142,98,138,126,139,98,151,98,144,98,140
2,4068,68,141,98,139,125,139,99,150,98,143,98,139
2,4069,68,142,98,139,126,140,99,152,98,143,99,144
2,4070,67,142,98,138,126,140,99,152,98,143,99,144
2,4071,68,142,98,138,126,140,98,151,98,143,98,141
2,4072,68,141,98,138,126,139,98,150,98,143,99,141
2,4073,68,142,98,138,126,140,99,151,98,142,99,141
2,4074,67,141,98,138,127,140,99,150,98,142,98,141
2,4075,67,141,98,138,128,139,99,151,98,142,99,142
2,4076,66,140,98,137,128,138,99,149,98,142,99,138
2,4077,65,140,98,138,129,139,99,149,98,142,99,138
2,4078,65,141,98,138,129,139,99,149,98,142,99,139
2,4079,66,140,98,138,128,139,99,149,98,142,99,138
2,4080,67,140,98,138,128,139,99,149,98,142,99,139
2,4090,66,140,98,138,129,138,99,150,98,142,99,139
2,4091,67,140,98,139,129,137,99,151,98,142,99,141
2,4092,67,139,98,138,129,138,99,150,98,142,98,140
2,4093,66,140,98,138,129,138,99,152,98,142,98,142
2,4094,65,140,98,138,130,137,99,151,98,142,98,141
2,4095,66,140,97,138,130,137,99,151,97,142,98,140
2,4096,66,140,98,137,129,139,99,151,98,142,98,139
2,4097,66,140,98,137,128,139,98,149,98,142,98,138
2,4098,66,140,98,137,129,138,99,151,98,142,98,141
2,4099,64,140,98,138,131,138,99,154,98,142,98,142
2,4100,64,141,98,137,130,140,99,152,98,142,98,143
2,4101,64,140,99,137,131,139,99,152,99,142,99,145
2,4102,64,142,98,137,131,140,99,152,98,141,98,144
2,4103,65,143,97,137,131,141,99,153,98,142,98,145
2,4104,66,143,98,136,129,142,99,153,98,141,98,144
2,4105,67,144,98,137,128,141,99,153,98,143,99,145
2,4106,67,144,99,138,128,142,99,154,99,143,99,146
2,4107,66,142,98,138,130,141,100,156,98,142,99,147
2,4108,67,142,98,138,128,140,99,154,98,142,98,147
2,4109,68,142,99,139,128,139,99,150,98,142,99,143
2,4110,68,140,98,137,128,138,99,143,98,142,99,133
2,4111,69,140,99,137,126,138,99,141,99,143,99,128
2,4112,69,138,99,137,127,137,98,143,99,142,98,131
2,4113,69,136,99,134,127,138,98,142,98,141,98,130
2,4114,65,136,98,138,130,134,99,139,98,143,99,129
2,4115,64,135,99,138,131,133,100,135,99,143,100,124
2,4116,65,135,98,137,130,133,101,134,98,143,100,124
2,4117,65,133,99,138,132,133,101,141,99,142,101,131
2,4118,65,133,98,137,131,131,100,139,99,142,100,129
2,4119,68,137,98,137,127,136,100,145,99,141,99,138
2,4120,68,137,99,137,127,137,99,148,99,140,99,141
2,4121,64,130,98,134,127,126,98,135,98,139,98,125
2,4122,65,129,98,135,127,127,98,135,98,139,98,126
2,4123,64,134,98,135,132,135,99,160,98,138,99,150
2,4124,62,134,99,134,133,135,99,160,99,138,99,150
2,4125,60,133,99,133,135,135,99,160,99,137,99,150
2,4126,61,132,99,133,135,134,98,160,99,137,99,149
2,4127,62,132,99,132,134,134,99,161,99,137,99,149
2,4128,60,133,99,133,133,134,98,160,99,137,98,149
2,4129,64,134,98,135,134,135,99,160,98,137,99,150
2,4130,65,129,98,135,127,126,98,133,98,139,98,123
2,4131,68,137,98,138,127,135,100,148,98,140,99,141
2,4132,67,137,98,138,128,133,100,147,99,141,99,139
2,4133,64,134,98,138,132,131,100,144,98,142,100,133
2,4134,64,137,98,135,128,136,98,152,98,141,98,140
2,4135,62,136,99,137,132,134,99,153,99,142,99,144
2,4136,62,138,98,137,133,135,99,155,98,141,99,148
2,4137,62,139,98,137,133,136,99,157,98,141,98,149
2,4138,62,140,98,137,133,137,99,156,98,141,98,148
2,4139,62,140,99,137,133,137,99,156,99,141,99,147
2,4140,63,139,98,138,133,136,99,152,98,142,99,145
2,4141,64,140,98,138,130,137,98,151,98,143,98,144
2,4142,65,139,98,138,132,137,99,150,98,142,99,143
2,4143,65,139,99,138,132,136,99,150,99,142,99,142
2,4144,66,140,98,138,131,137,99,149,98,142,99,143
2,4145,67,139,98,138,130,137,99,149,99,142,99,142
2,4146,67,140,98,138,130,137,99,149,98,142,99,142
2,4147,67,139,98,139,130,137,99,149,98,142,99,142
2,4148,66,139,98,138,130,137,99,149,98,142,98,141
2,4149,66,139,98,138,130,137,99,150,98,142,98,142
2,4150,67,139,98,138,130,137,100,150,98,142,99,142
2,4151,67,139,98,138,130,137,99,150,98,142,99,142
2,4152,67,139,98,139,130,136,99,149,98,142,99,142
2,4153,67,139,98,138,130,136,100,149,98,143,99,142
2,4154,67,139,98,139,130,136,100,149,98,142,99,142
2,4155,67,139,99,138,130,137,99,149,99,143,99,141
2,4156,67,138,98,138,129,136,99,149,98,142,98,140
2,4157,67,139,98,137,130,136,100,144,98,142,99,134
2,4158,67,138,97,138,129,135,99,144,98,143,99,134
2,4159,67,138,98,138,129,135,100,142,98,143,99,132
2,4160,67,138,99,137,129,135,99,143,99,142,100,133
2,4161,67,138,98,137,129,135,99,143,98,142,99,134
2,4162,67,138,98,138,131,135,100,142,98,142,99,132
2,4163,67,138,98,138,130,135,99,142,98,143,100,132
2,4170,67,138,98,136,130,136,100,146,99,142,100,135
2,4171,66,138,98,138,132,135,100,147,98,142,99,140
2,4172,66,138,98,138,131,135,100,146,98,142,99,137
2,4173,67,138,98,137,131,136,99,142,98,142,99,132
2,4174,66,139,98,137,131,136,99,144,98,142,98,134
2,4195,65,141,98,137,133,141,98,167,98,142,98,158
2,4196,63,140,98,137,134,140,98,165,98,142,98,156
2,4197,64,140,98,137,135,139,99,162,98,143,99,154
2,4198,64,140,98,137,135,139,99,163,98,142,98,154
2,4199,64,141,98,137,135,140,99,164,98,142,98,156
2,4200,63,140,98,138,135,139,99,161,98,142,98,152
2,4201,62,140,98,138,136,139,99,158,98,142,99,150
2,4202,62,140,98,137,136,139,99,158,98,142,98,150
2,4203,62,141,98,137,136,140,98,163,98,142,98,155
2,4204,63,142,98,137,136,141,99,165,98,142,99,157
2,4205,63,141,98,138,135,141,99,163,98,142,98,155
2,4206,65,140,97,139,133,138,99,152,98,143,98,145
2,4207,65,140,98,138,132,138,98,150,98,143,98,143
2,4208,64,142,98,138,133,139,98,152,98,144,98,145
2,4209,64,143,99,137,132,141,98,156,98,143,98,149
2,4210,63,143,98,136,133,142,98,159,98,143,98,149
2,4211,63,143,98,136,134,142,98,158,98,142,98,148
2,4212,63,143,98,136,134,142,98,156,98,142,98,148
2,4213,63,144,98,136,133,143,99,156,98,142,98,147
2,4214,62,143,98,136,135,142,98,156,98,142,99,147
2,4215,62,144,99,136,134,143,98,155,98,142,99,146
2,4216,63,144,98,136,133,141,98,153,98,142,98,145
2,4217,63,143,98,136,134,141,98,149,98,142,98,142
2,4218,62,143,98,137,134,140,97,149,98,142,98,141
2,4219,64,144,97,136,134,141,97,148,98,142,98,140
2,4220,64,144,97,135,135,143,97,148,98,141,98,140
2,4221,63,146,97,133,136,143,96,146,97,140,96,139
2,4222,64,147,96,133,135,143,96,146,97,140,96,139
2,4223,63,147,96,132,136,143,96,147,96,140,95,138
2,4224,63,147,95,133,136,143,95,147,96,140,95,139
2,4225,65,148,95,134,135,144,95,148,96,141,95,140
2,4226,65,147,96,135,136,144,95,149,96,142,95,142
2,4227,64,146,96,134,138,143,95,148,96,141,96,140
2,4228,64,146,95,135,135,142,95,148,96,141,95,142
2,4229,65,146,96,135,135,143,95,148,96,141,95,143
2,4230,65,146,95,135,137,143,94,149,95,141,95,143
2,4231,65,147,95,135,136,143,94,150,96,141,95,143
2,4259,63,146,100,137,127,147,100,158,101,142,100,150
2,4260,62,144,101,137,126,146,100,156,100,143,100,147
2,4261,63,144,101,138,125,146,100,154,100,144,100,146
2,4262,64,145,101,138,125,146,101,156,101,143,101,147
2,4263,65,145,101,137,124,147,100,158,101,143,100,149
2,4264,63,146,102,137,124,148,101,159,101,142,101,150
2,4265,62,145,102,137,124,146,100,158,101,143,100,149
2,4266,60,147,101,137,123,147,101,163,101,143,101,153
2,4269,60,145,102,136,125,147,101,161,101,143,100,151
2,4270,63,144,101,137,124,145,100,154,101,142,100,145
2,4271,62,144,101,136,125,145,101,154,100,143,100,145
2,4272,66,146,100,136,124,146,100,161,100,142,100,150
2,4273,67,144,100,137,127,145,101,159,100,142,101,149
2,4274,65,144,100,137,130,145,100,159,100,142,100,149
2,4275,63,144,99,136,131,145,100,157,99,141,99,149
2,4276,64,145,99,135,132,146,99,163,98,141,99,154
2,4277,64,147,99,135,131,149,98,171,99,141,98,162
2,4278,64,148,98,135,131,147,98,171,99,141,97,161
2,4279,66,144,98,138,131,143,99,156,99,144,99,148
2,4280,66,143,98,138,131,141,99,152,98,144,98,144
2,4281,66,144,97,137,132,142,99,155,98,144,98,147
2,4282,65,143,98,136,133,144,99,160,98,142,98,150
2,4283,64,144,98,135,134,143,99,160,98,142,98,150
2,4284,64,144,98,135,135,145,99,161,97,141,98,152
2,4285,63,145,98,134,135,145,98,162,98,141,98,153
2,4286,63,145,98,134,136,146,98,164,98,140,97,155
2,4287,62,146,98,134,135,146,99,162,98,141,98,153
2,4288,63,145,97,134,135,146,98,160,98,141,98,153
2,4289,64,145,99,135,132,146,99,157,99,141,99,149
2,4290,65,145,99,136,132,145,99,156,99,142,99,149
2,4291,65,144,99,136,132,144,99,155,99,142,99,147
2,4292,63,143,99,136,131,142,99,154,99,142,99,146
2,4293,64,142,98,137,131,140,98,150,99,142,99,144
2,4294,64,141,99,138,129,139,98,151,98,143,98,145
2,4295,64,140,99,139,128,138,98,151,99,143,99,143
2,4296,64,139,99,139,128,136,99,151,99,144,98,143
2,4297,65,139,99,139,126,136,99,149,99,143,99,142
2,4298,64,138,98,139,127,134,98,150,99,143,99,142
2,4299,65,138,99,138,127,134,99,151,99,143,99,143
2,4300,62,137,99,138,128,133,98,150,98,143,98,142
2,4301,65,138,99,137,127,134,99,150,99,143,99,141
2,4302,64,137,98,140,127,132,100,146,98,143,99,138
2,4303,64,136,99,139,127,132,100,145,98,143,100,136
2,4304,65,137,98,139,127,132,100,146,98,143,100,137
2,4305,64,137,98,139,128,132,101,148,98,143,100,139
2,4306,66,137,98,139,127,132,100,149,98,143,100,142
2,4307,65,137,98,139,127,133,100,149,98,142,99,142
2,4308,64,137,98,138,128,133,99,149,98,142,99,142
2,4309,64,137,98,138,128,134,99,149,98,142,98,142
2,4310,64,137,98,138,129,133,100,150,98,143,98,142
2,4311,64,137,98,139,128,134,99,150,99,143,99,143
2,4312,63,136,99,138,129,133,100,150,99,143,99,142
2,4313,62,135,98,139,131,132,99,149,98,142,99,142
2,4314,63,136,98,139,130,133,100,149,98,143,99,143
2,4315,63,136,98,138,130,134,99,151,98,143,98,143
2,4316,64,135,98,138,131,133,99,150,98,143,98,142
2,4502,59,133,98,138,135,130,99,148,98,141,99,140
2,4503,61,133,97,138,134,131,99,147,98,141,99,139
2,4504,61,134,98,137,133,131,98,146,98,142,99,137
2,4505,63,133,98,138,134,131,100,144,98,141,99,137
2,4506,61,134,97,138,133,131,99,147,98,141,99,139
2,4507,62,133,98,138,135,131,99,146,99,141,99,139
2,4508,61,134,98,138,134,132,99,147,98,141,98,139
2,4509,60,133,98,137,134,131,99,146,98,141,99,138
2,4510,62,134,98,138,133,132,99,146,98,141,99,139
2,4511,62,134,97,138,133,132,99,146,98,141,99,139
2,4512,62,134,98,138,133,132,99,147,98,141,99,138
2,4513,61,133,98,138,134,131,99,147,98,141,99,139
2,4514,62,134,98,138,134,132,100,146,98,141,99,138
2,4515,61,134,98,138,135,131,99,147,98,141,99,139
2,4516,61,133,98,138,134,131,99,146,98,141,98,138
2,4517,61,133,98,138,133,132,98,146,98,141,98,137
2,4518,63,133,98,138,133,132,98,147,98,141,98,139
2,4519,61,133,98,138,133,132,97,146,98,141,97,136
2,4520,61,133,98,138,134,131,98,146,98,141,98,137
2,4521,62,132,98,139,133,131,98,146,98,142,98,138
2,4522,62,133,98,138,134,132,98,146,98,141,98,138
2,4523,60,132,98,137,135,131,99,142,98,142,99,131
2,4524,62,133,98,139,134,131,99,145,98,142,98,137
2,4525,63,133,98,138,134,132,99,147,98,142,98,138
2,4526,63,133,98,139,134,132,99,147,98,141,99,139
2,4527,62,132,98,138,135,131,99,146,98,141,99,138
2,4528,63,134,98,138,134,132,99,147,98,141,99,139
2,4529,63,133,98,138,134,132,99,147,98,142,98,139
2,4530,63,133,98,138,133,132,99,146,98,141,98,138
2,4531,63,134,98,138,133,132,99,146,98,141,98,138
2,4532,62,133,98,138,134,132,98,147,98,142,98,136
2,4533,61,132,98,139,134,131,98,146,98,142,98,137
2,4534,61,133,98,138,134,131,98,145,98,142,98,135
2,4535,62,132,98,138,134,131,98,145,98,142,98,134
2,4536,62,133,98,138,133,131,98,145,98,142,97,137
2,4537,61,132,98,138,134,131,98,144,98,141,98,133
2,4538,62,132,98,137,135,132,98,142,98,142,99,131
2,4539,62,133,98,138,135,131,98,144,98,141,98,134
2,4540,62,132,98,138,134,131,98,144,98,142,98,134
2,4541,61,133,98,138,134,132,98,142,98,142,98,130
2,4542,62,133,97,138,134,132,98,146,98,141,98,137
2,4543,61,133,97,138,134,131,98,146,98,141,98,137
2,4544,61,132,99,137,134,132,99,142,99,142,99,131
2,4545,61,133,98,138,134,131,98,143,98,142,99,133
2,4546,62,133,98,138,133,131,98,145,98,142,98,135
2,4547,62,133,98,138,134,132,99,142,99,142,99,132
2,4548,62,133,97,138,134,132,98,143,98,142,98,131
2,4549,63,132,98,138,133,132,99,139,98,143,98,127
2,4550,62,132,97,138,133,131,97,144,97,142,97,134
2,4551,62,132,98,138,134,131,99,141,98,142,99,131
2,4552,63,134,98,138,132,133,97,145,98,142,97,136
2,4553,62,132,98,138,134,132,99,142,98,142,99,131
2,4554,62,133,98,138,133,132,99,144,98,142,98,132
2,4555,62,133,98,138,134,132,99,144,98,142,98,134
2,4556,62,132,98,138,133,132,98,139,98,142,98,128
2,4557,62,133,98,138,133,133,97,141,98,142,97,129
2,4558,63,133,98,137,132,133,98,139,98,142,98,129
2,4559,64,133,98,138,131,133,98,139,98,142,97,128
2,4564,63,134,98,138,133,133,98,140,98,142,99,129
2,4565,63,133,98,138,133,133,98,140,98,142,98,129
2,4566,65,134,98,138,131,133,97,136,98,142,97,124
2,4567,65,134,98,137,131,133,98,138,98,142,98,126
2,4568,65,134,98,138,130,134,98,135,98,143,98,124
2,4569,65,135,98,138,128,135,97,137,98,143,97,125
2,4570,65,134,98,138,129,133,97,136,98,143,97,124
2,4571,64,134,98,138,131,133,98,140,98,143,98,128
2,4572,65,134,98,137,130,134,97,137,98,143,97,125
2,4573,66,135,98,138,129,134,97,136,98,143,98,124
2,4574,65,134,98,138,130,134,97,136,98,143,98,125
2,4579,64,136,98,138,130,134,98,141,98,142,98,129
2,4580,64,134,98,138,131,134,98,137,98,143,99,127
2,4581,64,134,98,137,131,134,98,140,98,143,98,127
2,4582,65,136,98,138,130,136,97,144,98,142,97,133
2,4585,66,136,98,138,128,136,98,142,98,143,98,130
2,4586,66,136,98,138,129,136,97,142,98,143,98,130
2,4587,64,137,98,138,129,136,98,143,98,143,98,133
2,4588,67,136,98,138,128,135,98,142,98,143,98,130
2,4589,66,137,98,138,128,136,98,142,98,143,98,131
2,4590,64,137,98,138,128,135,97,141,98,143,98,129
2,4591,64,135,98,139,130,134,98,142,98,143,98,130
2,4592,68,137,99,135,126,137,98,141,98,142,98,128
2,4593,68,136,99,135,126,136,99,142,99,142,99,129
2,4594,68,136,98,135,126,137,98,143,98,142,98,130
2,4595,67,136,98,135,125,135,98,142,98,142,98,130
2,4596,67,136,98,135,125,136,98,143,98,143,99,129
2,4597,68,136,98,135,126,136,98,142,98,142,99,129
2,4598,67,135,99,135,127,135,99,144,99,141,99,131
2,4599,67,135,99,135,126,136,98,141,98,142,98,129
2,4600,66,138,98,136,127,136,99,151,98,141,98,138
2,4601,66,138,99,135,126,137,98,151,98,142,98,139
2,4602,67,138,98,135,126,137,98,150,99,141,99,138
2,4603,67,138,98,135,126,137,99,150,98,140,98,138
2,4604,67,139,99,135,127,137,99,151,98,141,98,138
2,4605,69,138,98,135,125,137,98,143,98,143,98,130
2,4606,68,134,98,135,127,136,97,144,98,142,98,130
2,4607,65,137,98,139,128,135,98,148,98,142,98,139
2,4608,65,137,97,139,129,135,99,146,98,141,98,137
2,4609,65,136,98,139,130,134,98,146,98,142,98,136
2,4610,65,137,98,139,129,135,98,147,98,142,98,137
2,4611,66,136,97,139,129,134,99,148,98,142,98,139
2,4612,66,136,97,139,130,135,98,146,97,142,98,138
2,4613,65,136,97,139,130,134,98,145,98,142,98,136
2,4614,66,136,97,139,129,134,97,145,97,142,98,136
2,4615,65,136,98,139,130,135,98,144,97,142,98,135
2,4616,64,137,98,138,130,135,99,145,98,142,98,137
2,4617,68,138,98,136,125,137,99,145,98,142,98,133
2,4618,68,138,98,136,124,138,97,144,98,142,98,132
2,4619,70,139,98,136,124,138,98,143,98,142,98,130
2,4620,68,139,98,136,125,137,98,145,98,142,98,133
2,4621,69,138,98,136,124,138,97,141,98,142,98,128
2,4622,69,140,98,136,124,138,98,144,98,143,98,132
2,4623,70,139,98,136,124,138,98,142,98,142,98,130
2,4624,69,139,98,137,125,137,98,142,98,142,98,131
2,4625,67,138,97,138,127,136,98,143,98,142,98,132
2,4626,68,139,98,137,127,138,98,141,98,142,98,130
2,4627,67,138,98,137,130,137,99,142,97,143,99,131
2,4628,67,139,97,138,128,138,98,144,98,142,98,135
2,4629,67,140,97,138,129,138,98,145,97,142,97,135
2,4630,68,140,98,138,129,139,98,148,98,142,98,141
2,4631,67,140,98,138,129,139,98,148,98,142,98,141
2,4632,68,141,98,138,128,140,97,149,98,141,98,143
2,4633,68,141,98,138,128,140,98,149,98,142,98,142
2,4634,68,141,98,138,128,140,97,149,98,142,98,142
2,4635,68,141,98,138,128,139,97,149,98,142,98,142
2,4636,68,141,98,138,129,140,98,150,98,142,98,143
2,4637,69,141,98,138,128,140,97,149,98,142,98,143
2,4638,69,141,98,138,128,140,98,149,98,142,98,142
2,4639,69,142,98,138,128,140,97,149,98,141,98,143
2,4640,69,142,98,139,128,140,98,149,97,141,97,143
2,4641,68,142,98,137,129,140,97,149,98,141,98,142
2,4642,68,141,98,138,129,140,97,149,97,141,97,142
2,4643,68,142,98,138,128,140,98,149,98,141,98,142
2,4644,68,141,97,138,128,140,98,149,97,142,98,142
2,4645,69,142,97,138,128,141,98,150,97,142,97,143
2,4646,69,143,97,138,128,141,98,151,98,142,98,144
2,4647,68,142,97,138,128,142,97,151,97,142,97,144
2,4648,68,142,97,138,128,141,97,151,97,141,97,144
2,4649,68,143,98,138,128,141,98,151,98,142,98,144
2,4650,67,143,98,137,129,141,98,151,98,142,97,144
2,4651,68,143,98,137,129,141,97,151,98,142,98,144
2,4652,68,142,97,138,128,141,97,151,97,141,97,144
2,4653,68,143,97,138,129,141,98,151,97,141,98,144
2,4654,68,143,97,138,129,141,98,151,97,141,98,144
2,4655,68,143,97,138,129,141,98,151,97,141,97,144
2,4656,68,143,98,137,129,142,98,154,98,141,98,147
2,4657,68,143,97,137,130,142,98,154,97,141,98,147
2,4658,68,143,97,137,130,142,98,154,97,141,98,147
2,4659,68,144,97,137,130,142,98,154,97,141,98,147
2,4660,68,144,97,137,129,142,98,155,97,141,98,148
2,4661,68,143,97,137,130,142,98,155,98,141,98,148
2,4662,67,144,97,137,130,142,98,154,97,141,98,147
2,4663,68,143,97,137,130,142,98,154,97,141,98,147
2,4664,68,144,98,137,130,141,99,154,98,141,98,147
2,4665,67,143,98,137,130,142,99,153,98,141,98,147
2,4666,67,143,98,137,130,142,98,153,98,141,98,146
2,4667,67,144,98,138,129,141,99,155,98,141,98,147
2,4668,67,143,98,137,129,142,98,154,98,141,98,147
2,4669,67,143,98,137,129,142,99,155,98,141,99,147
2,4670,67,144,98,137,128,142,99,155,98,141,98,147
2,4671,68,143,98,138,128,142,100,156,98,141,99,147
2,4672,67,144,98,137,127,142,99,154,98,142,99,147
2,4673,68,144,98,138,127,142,99,155,98,142,99,147
2,4674,67,144,98,138,127,142,99,156,98,141,99,147
2,4675,67,143,98,138,127,142,99,154,98,142,99,147
2,4676,67,144,98,138,127,142,99,154,98,142,98,147
2,4677,67,144,98,138,127,142,99,155,98,142,99,147
2,4678,67,142,98,137,128,142,99,155,98,141,99,146
2,4688,66,142,98,137,129,140,99,153,98,142,98,145
2,4689,66,142,98,138,129,140,98,152,98,142,98,145
2,4690,66,141,98,138,128,141,98,153,98,142,98,146
2,4691,65,142,98,138,129,141,98,157,97,142,98,148
2,4692,65,142,98,138,129,141,98,158,98,142,97,149
2,4693,64,142,98,136,130,141,98,159,98,141,98,150
2,4694,65,141,98,136,129,141,97,159,98,141,98,149
2,4695,66,143,98,137,127,142,98,157,98,142,97,146
2,4702,66,142,98,137,128,141,98,157,98,141,97,147
2,4703,67,142,98,137,127,141,98,157,98,141,98,146
2,4704,67,142,97,138,127,140,99,152,98,142,98,145
2,4705,66,142,97,138,128,139,98,150,97,142,98,143
2,4706,67,142,98,139,127,140,99,151,98,142,98,143
2,4707,67,142,98,139,128,139,98,151,97,142,97,143
2,4708,67,142,98,138,126,139,98,150,98,142,98,142
2,4713,67,141,98,139,127,139,98,150,98,141,98,142
2,4714,66,141,98,139,127,139,99,149,98,141,98,142
2,4715,67,140,98,139,126,139,99,148,98,142,98,139
2,4716,67,141,97,138,127,138,99,148,97,142,98,140
2,4717,66,141,97,138,127,138,99,148,98,141,99,142
2,4718,66,140,98,138,128,137,99,150,98,141,98,143
2,4719,67,140,98,138,126,136,99,145,98,143,99,135
2,4720,68,140,97,138,126,137,99,144,98,143,99,134
2,4721,67,140,98,139,128,137,100,146,98,143,100,137
2,4722,65,141,98,137,127,137,99,152,98,141,99,144
2,4723,64,141,98,137,129,138,99,153,98,141,99,145
2,4724,65,140,99,137,128,138,99,152,99,141,99,144
2,4725,67,141,99,137,127,138,100,151,99,142,99,143
2,4726,67,141,99,138,127,138,100,150,99,142,100,143
2,4727,68,142,99,138,127,138,100,150,99,142,100,142
2,4749,69,142,98,138,125,140,99,146,98,143,98,135
2,4750,70,143,98,138,122,140,99,145,98,144,99,133
2,4751,69,141,98,139,125,138,100,146,98,143,99,136
2,4752,67,142,98,138,126,139,99,150,98,142,98,143
2,4753,68,142,98,138,126,139,99,150,98,142,98,142
2,4754,69,142,99,139,125,139,100,147,99,143,99,139
2,4755,69,143,99,139,125,139,100,148,99,143,99,140
2,4756,67,144,99,137,123,140,100,153,99,142,99,145
2,4757,65,143,99,137,126,139,100,151,98,141,99,143
2,4758,65,143,99,136,126,140,99,152,99,141,99,142
2,4759,65,143,99,136,125,140,99,151,99,141,99,142
2,4760,65,143,99,138,125,140,99,153,99,142,98,145
2,4761,68,142,99,139,125,140,100,147,99,144,99,137
2,4762,67,142,98,138,123,140,99,146,98,144,98,135
2,4763,66,144,99,138,124,140,99,159,99,142,99,148
2,4764,65,144,99,138,124,141,98,159,98,142,99,148
2,4765,66,142,98,138,124,139,99,151,99,144,99,140
2,4766,67,142,99,138,124,139,99,146,98,144,98,136
2,4767,67,143,98,138,125,140,99,151,98,142,99,145
2,4768,68,143,98,139,125,140,100,151,98,142,99,144
2,4769,66,142,98,138,126,139,99,150,98,142,98,143
2,4770,66,142,99,138,126,139,99,150,99,142,98,142
2,4771,67,142,99,138,126,139,99,150,98,142,99,142
2,4772,67,142,98,138,126,139,99,150,98,142,98,143
2,4773,67,141,98,139,125,139,99,146,98,143,98,136
2,4774,66,142,99,138,126,139,99,146,99,143,99,136
2,4775,66,142,99,138,125,139,99,146,98,143,98,136
2,4776,67,142,98,138,126,139,99,146,98,143,99,136
2,4777,66,141,98,139,127,139,99,146,98,143,98,137
2,4778,67,142,98,138,125,139,99,146,98,143,99,136
2,4779,66,141,99,138,126,139,99,145,99,143,99,135
2,4780,66,141,98,138,126,138,99,145,98,142,98,136
2,4781,66,141,99,138,126,138,99,146,98,142,99,136
2,4782,66,141,99,138,126,139,99,145,98,143,99,135
2,4783,66,141,98,138,126,139,99,146,98,143,99,137
2,4799,67,142,99,138,125,140,98,151,98,142,98,143
2,4800,67,142,99,138,124,141,99,150,99,142,98,143
2,4801,67,142,99,138,125,141,98,150,99,142,98,143
2,4802,67,142,99,138,124,141,99,150,99,142,98,143
2,4803,67,142,99,138,125,140,99,151,99,142,99,143
2,4807,69,142,99,138,124,140,98,151,99,142,99,142
2,4808,68,142,99,138,123,141,98,149,98,143,99,140
2,4809,69,141,99,138,125,139,100,145,99,143,99,135
2,4810,68,141,99,139,126,138,100,150,99,142,99,142
2,4811,67,143,99,137,126,140,99,151,99,141,99,144
2,4812,67,142,99,138,126,138,100,150,99,142,99,142
2,4813,70,143,99,138,124,140,100,148,98,143,99,138
2,4814,70,142,99,138,125,140,100,147,99,143,100,138
2,4815,68,143,99,138,126,140,100,152,98,142,99,145
2,4816,67,143,99,137,126,141,99,153,99,141,99,145
2,4817,66,143,99,137,126,140,99,153,99,141,99,146
2,4818,66,143,99,137,125,141,99,156,99,142,99,146
2,4819,65,143,99,137,127,141,99,158,99,142,99,148
2,4820,65,142,99,138,127,139,99,154,99,142,99,145
2,4821,63,140,99,138,128,137,100,153,99,142,99,145
2,4822,63,140,100,138,129,137,100,152,99,142,99,144
2,4919,69,139,98,137,127,139,98,145,98,142,98,133
2,4920,69,140,97,137,126,139,97,145,97,142,96,133
2,4921,69,140,98,137,127,139,97,144,98,142,97,133
2,4922,70,140,97,137,127,139,97,146,97,142,96,134
2,4923,69,140,97,137,126,140,96,145,98,142,97,133
2,4924,70,140,98,137,126,139,96,144,97,143,96,132
2,4925,70,141,97,138,126,139,96,145,98,143,97,134
2,4926,69,141,97,138,127,139,97,145,97,143,96,133
2,4927,70,141,97,137,126,140,97,145,97,143,96,134
2,4928,69,140,97,137,126,139,97,145,97,142,96,133
2,4929,69,140,97,137,126,139,96,145,98,142,97,134
2,4930,71,141,97,137,125,140,97,146,97,143,97,134
2,4931,69,140,97,137,127,139,97,145,97,142,96,134
2,4932,69,140,97,137,126,139,97,145,97,142,97,133
2,4933,69,140,97,137,126,139,96,143,97,143,96,132
2,4934,69,140,97,138,126,139,96,145,97,142,97,133
2,4935,70,141,98,137,126,139,97,145,97,143,97,133
2,4936,70,141,98,137,126,139,96,145,98,142,97,134
2,4937,70,140,97,137,125,140,97,144,97,142,97,133
2,4938,70,140,98,137,126,139,97,145,98,142,97,133
2,4939,69,140,97,137,126,139,97,145,98,142,97,133
2,4940,69,140,98,137,126,139,97,145,97,142,97,134
2,4941,70,140,98,137,126,140,97,145,98,142,97,134
2,4942,69,140,98,137,127,139,97,144,98,142,97,133
2,4943,69,140,98,137,127,139,97,145,98,142,97,133
2,4944,70,140,98,137,127,139,97,146,97,142,97,134
2,4945,70,140,98,137,126,139,96,143,97,143,96,132
2,4946,70,140,97,137,125,139,97,145,97,142,97,134
2,4947,68,140,97,137,128,138,96,145,98,142,96,134
2,4948,69,139,98,135,126,140,98,143,98,143,98,132
2,4949,67,137,98,134,130,137,97,147,98,141,97,134
2,4950,67,138,98,134,129,137,97,147,98,142,98,134
2,4951,66,138,98,134,130,136,97,147,98,141,97,133
2,4968,66,137,98,134,129,136,97,146,98,141,98,132
2,4969,68,138,98,134,128,138,97,144,98,142,98,131
2,4970,67,138,98,133,127,137,97,147,98,141,98,133
2,4971,68,139,98,135,128,138,97,143,98,142,97,131
2,4972,68,139,98,134,127,139,98,144,98,142,97,131
2,4973,68,138,98,134,128,138,97,144,98,141,97,131
2,4974,67,137,98,134,126,137,97,146,98,141,97,133
2,4975,69,137,98,134,126,138,97,146,98,142,98,132
2,4976,69,137,98,134,127,137,97,146,98,141,98,133
2,4977,69,136,98,134,126,135,97,136,98,141,97,127
2,4978,67,137,98,134,127,138,97,148,98,141,98,134
2,4979,72,141,98,135,122,142,97,143,98,144,97,129
2,4980,68,138,98,134,126,138,98,146,98,142,98,133
2,4981,70,141,98,138,124,139,97,147,98,143,97,135
2,4982,67,141,98,137,126,138,98,150,97,142,97,139
2,4983,68,141,99,136,126,139,98,150,98,141,98,138
2,4984,68,140,98,135,127,139,98,150,98,141,98,137
2,4985,69,139,98,134,126,139,98,145,98,141,97,132
2,4986,71,141,98,135,123,141,97,144,98,142,98,131
2,4987,72,141,99,136,125,141,99,146,99,143,99,133
2,4988,73,141,99,136,125,141,100,144,99,142,99,131
2,4989,72,142,99,137,124,141,99,150,99,143,98,135
2,4990,70,141,99,137,126,140,100,151,99,142,100,137
2,4991,68,135,99,135,128,137,99,139,100,142,99,127
2,4992,70,133,99,136,125,136,98,129,99,142,98,121
2,4993,66,134,99,134,128,137,98,141,99,141,99,128
2,4994,66,140,99,139,128,137,100,149,99,142,99,141
2,4995,65,139,99,138,128,136,100,148,99,143,100,140
2,4996,64,138,99,138,129,136,99,145,98,142,98,135
2,4997,64,138,99,138,128,135,98,146,99,142,98,136
2,4998,65,138,99,138,129,136,99,147,99,142,99,138
2,4999,64,138,98,138,129,135,99,145,99,143,98,137
2,5000,65,138,99,138,129,135,99,147,99,142,99,139
2,5001,64,138,99,138,130,135,98,146,99,142,99,137
2,5002,65,137,99,138,129,135,98,147,99,142,99,138
2,5003,65,138,99,138,129,135,99,146,99,142,99,136
2,5004,63,137,99,138,130,135,99,145,99,143,99,136
2,5005,65,137,99,138,130,135,98,146,99,142,99,138
2,5006,64,136,99,138,129,134,99,146,99,143,99,136
2,5007,65,137,99,138,128,135,99,145,99,143,99,135
2,5008,65,138,99,138,127,135,98,145,98,142,98,136
2,5009,64,137,99,138,128,135,99,144,99,142,99,134
2,5010,64,137,99,138,128,135,99,144,99,142,99,135
2,5011,64,137,99,138,129,135,99,141,99,142,99,131
2,5012,64,137,99,138,128,134,99,144,99,143,99,134
2,5013,64,136,99,137,129,134,100,142,99,143,99,132
2,5014,65,134,99,138,129,133,99,140,99,143,99,130
2,5015,64,134,99,138,130,132,99,144,99,142,99,134
2,5016,64,134,99,138,131,132,99,138,99,143,99,127
2,5017,65,132,99,138,130,131,98,137,99,143,99,126
2,5018,65,134,99,138,129,131,99,137,99,143,99,126
2,5019,65,133,98,128,129,133,97,142,98,136,98,132
2,5020,67,135,99,129,127,134,98,144,98,137,99,132
2,5021,66,135,98,131,128,134,98,148,98,139,98,134
2,5022,66,135,99,130,129,134,98,147,98,139,98,134
2,5023,65,134,98,131,129,135,98,146,98,140,98,131
2,5024,66,134,98,133,130,135,97,144,98,141,98,132
2,5025,67,135,98,133,131,135,98,144,98,141,98,132
2,5026,67,134,98,134,132,135,98,144,98,141,98,132
2,5027,67,135,98,136,129,134,99,141,98,143,98,129
2,5028,67,135,98,136,130,134,98,142,98,142,98,131
2,5029,68,136,98,137,132,132,100,144,98,142,99,133
2,5030,66,135,98,138,133,132,99,144,98,142,99,135
2,5031,67,137,98,138,131,133,99,145,98,142,99,136
2,5032,67,136,98,138,131,133,99,143,97,143,98,134
2,5033,68,136,98,137,130,133,99,145,98,142,98,136
2,5034,67,136,98,138,131,133,100,144,98,142,99,134
2,5035,66,136,98,138,131,132,99,144,98,142,99,135
2,5036,68,136,98,138,131,133,99,143,98,142,99,134
2,5048,66,137,97,138,131,135,98,146,97,142,98,138
2,5049,66,137,98,138,131,135,99,147,98,141,98,139
2,5050,66,137,97,138,131,135,98,147,97,141,98,139
2,5051,66,137,98,138,131,135,98,147,98,142,98,140
2,5066,68,142,97,138,129,139,98,151,97,142,98,143
2,5067,70,142,98,138,127,140,98,151,98,142,98,143
2,5068,70,142,98,137,128,140,98,151,98,143,98,142
2,5069,69,143,97,138,127,141,98,152,98,142,98,145
